-0.0510603
0.0184483
0.118204
0.080497
0.0903938
-0.0187267
-0.0319871
0.0123215
-0.028316
-0.0206098
-0.0563414
-0.0415998
-0.0230782
0.127047
-0.0546378
-0.0233248
0.0830163
-0.0212432
-0.026519
0.0265761
-0.0504849
-0.0372294
-0.0185853
0.0187786
-0.0623544
-0.0480242
-0.056442
-0.0613774
-0.0545326
-0.0497284
-0.0452507
-0.0384158
0.0111346
-0.0253219
-0.0234993
0.0159434
0.0792903
0.00620717
0.151726
0.0837168
-0.0373032
0.13394
0.120079
-0.036599
0.0641481
0.041439
-0.0397873
0.0458967
-0.0262433
-0.0148308
-0.0503906
-0.0584159
0.0947947
0.163007
-0.0577206
0.0158113
0.108781
0.0261507
-0.024425
0.00340103
0.0118171
-0.0199295
-0.00402958
-0.00258574
-0.0210099
-0.0269596
0.023929
-0.0484418
-0.0200795
0.0524861
0.0134206
0.00955323
0.0648154
-0.0293019
0.196041
0.00111034
0.166452
-0.0606008
-0.00688304
-0.0380151
-0.0566808
0.117773
0.104597
-0.0324776
-0.0356595
-0.00523754
-0.031427
-0.0217776
-0.0540242
-0.0413902
-0.0318242
0.124646
-0.0515544
-0.0245888
0.0670211
-0.0176313
-0.0316543
0.00652795
-0.0513925
-0.0373639
-0.0248455
0.0304411
-0.0601792
-0.0490082
-0.0534572
-0.05893
0.141004
-0.0321989
-0.0389629
-0.0140137
-0.0328715
-0.0148305
-0.0520085
-0.0361689
-0.0236469
0.0835432
-0.0461645
-0.0196592
0.181214
-0.0164831
-0.0186765
0.00747932
-0.0537923
-0.00857193
-0.0319531
0.0631192
-0.0601584
-0.0388104
-0.047707
-0.0585146
-0.0336048
-0.0446848
-0.0131389
-0.0243698
-0.023886
-0.052155
-0.0424878
-0.0375537
0.0684685
-0.0470403
-0.0199045
0.117034
-0.0346623
-0.0419803
-0.0057868
-0.0535669
-0.0356699
-0.037036
0.0352248
-0.0568937
-0.050804
-0.0536273
-0.0575658
0.114171
0.165082
-0.00385139
0.021658
0.0171263
0.030801
0.0587707
-0.0105089
0.0758918
0.00537323
-0.0191142
0.0546398
0.0655937
0.0855558
0.210193
-0.00621948
0.173592
-0.0165575
-0.0526586
0.0685568
0.0451827
-0.0480518
0.227331
-0.0186022
0.0113837
0.0596668
0.0119942
0.0354929
-0.0306199
-0.00436472
-0.0234658
-0.0287631
0.0374118
0.0785678
0.291533
0.188134
0.0976989
0.371733
0.0565125
-0.0484001
0.099026
0.0101566
-0.0397077
-0.00181517
0.0187272
0.0248584
0.00167784
0.0409101
0.00950489
-0.00361385
-0.00551109
0.00424396
0.0451709
0.0618981
0.223149
0.116174
0.039864
0.216571
0.0429199
-0.0484831
0.0429745
-0.0135958
-0.0499107
0.161314
0.0581015
0.0729331
-0.000792489
-0.0257979
-0.0147409
0.111028
-0.0143541
0.0777304
0.0386542
-0.00140119
-0.00979797
0.00685147
-0.00628322
-0.0133468
-0.0511916
0.0562059
-0.0126674
-0.0522019
0.0306221
0.174094
0.0864234
-0.0115361
0.015059
0.151022
-0.00972867
0.242652
0.144739
0.0180602
0.0196106
0.0320007
0.0221375
-0.0147761
-0.050145
0.151315
0.0246279
-0.054588
0.0447025
0.0093369
-0.0512148
0.0072781
0.00932536
-0.0458569
0.0530746
0.0477829
0.0516073
0.0404454
0.058439
0.0634025
-0.00259075
-0.0364988
0.0754749
0.012823
-0.0179615
0.0841012
-0.0316934
0.0918927
0.190558
-0.0318282
0.204022
0.147563
-0.00555498
0.0596529
0.0279239
0.0223422
-0.0326163
-0.052909
0.289957
0.134961
-0.0528648
-0.0165751
0.0412469
0.0425117
-0.021088
0.185692
0.229001
0.022482
0.055544
0.0143555
0.0497886
-0.0298598
-0.0477015
0.111348
0.0722528
-0.0452113
-0.0407854
-0.00817923
0.0667536
-0.0136101
-0.0126105
0.0124442
-0.0323646
-0.0331772
-0.0210373
0.024216
-0.0543209
-0.0362292
-0.0460407
-0.0530937
0.0270507
-0.0427359
0.0311749
0.0251045
-0.0300726
0.166317
-0.0197797
0.0245898
-0.0393124
-0.0472536
0.120038
0.285073
-0.0380475
-0.0098346
0.102142
0.0594349
-0.0109863
0.00590864
-0.00718006
-0.0120317
-0.0230929
-0.052568
0.0906693
0.0322458
-0.0515523
-0.0197844
-0.0245243
0.0202912
-0.0465866
-0.00412147
-0.0222298
0.0544824
-0.0524859
-0.0374119
-0.0426485
-0.0511328
0.328802
0.0481756
0.0478897
0.0782622
0.056901
0.00334331
-0.0498324
0.191902
0.0490752
-0.0505016
0.0741659
0.0731026
0.071246
0.0970091
0.00780446
-0.0451826
0.191974
0.0515843
-0.0469684
0.0765572
0.0513793
0.32158
0.183576
-0.0502444
0.0538806
-0.0285016
-0.0385194
0.00951297
0.268298
-0.00705309
-0.0457206
0.149004
0.172758
-0.0364563
0.0552131
0.0678384
-0.045156
0.0638101
0.00303392
-0.0392632
0.0666328
-0.0464422
0.113429
0.0230795
-0.0373021
-0.0489136
-0.0080509
-0.0370512
-0.0428946
-0.040401
-0.0387808
0.0776775
0.226599
-0.0449929
-0.0363579
