-0.595991
-0.625335
-0.616001
-0.62352
-0.615077
-0.604487
-0.615687
-0.618112
-0.635244
-0.608936
-0.649776
-0.63718
-0.645642
-0.643862
-0.648904
-0.63746
-0.63493
-0.632016
-0.62516
-0.629452
-0.617606
-0.628283
-0.629539
-0.609459
-0.650055
-0.662773
-0.611762
-0.654155
-0.661814
-0.653318
-0.624428
-0.628458
-0.640286
-0.627289
-0.632941
-0.625928
-0.625492
-0.627725
-0.67181
-0.621008
-0.633831
-0.670223
-0.642641
-0.641612
-0.662529
-0.632243
-0.684807
-0.648939
-0.689064
-0.629487
-0.645345
-0.637337
-0.632557
-0.686657
-0.689221
-0.648817
-0.646148
-0.661709
-0.651189
-0.65405
-0.641559
-0.647718
-0.653824
-0.705969
-0.648014
-0.659127
-0.694437
-0.661308
-0.659965
-0.67666
-0.655516
-0.661151
-0.669874
-0.687913
-0.657993
-0.665163
-0.663297
-0.660366
-0.686761
-0.640286
-0.636744
-0.651573
-0.643461
-0.646252
-0.633517
-0.639466
-0.645014
-0.696356
-0.640216
-0.650945
-0.706458
-0.652463
-0.652829
-0.667711
-0.646217
-0.657226
-0.660122
-0.68486
-0.648311
-0.656598
-0.654103
-0.650893
-0.647107
-0.642519
-0.65808
-0.650143
-0.652515
-0.640164
-0.644961
-0.650649
-0.698502
-0.647247
-0.658953
-0.702009
-0.656388
-0.656057
-0.671531
-0.653108
-0.659895
-0.665896
-0.686238
-0.656074
-0.662407
-0.660819
-0.658482
-0.656894
-0.678108
-0.634058
-0.641315
-0.632383
-0.639658
-0.649183
-0.670833
-0.652027
-0.642554
-0.661256
-0.653108
-0.657766
-0.672438
-0.68486
-0.644682
-0.687634
-0.659197
-0.633778
-0.663942
-0.657819
-0.637058
-0.690024
-0.629434
-0.63725
-0.640809
-0.633918
-0.643304
-0.66614
-0.631493
-0.634895
-0.658377
-0.649672
-0.657993
-0.713558
-0.677899
-0.662564
-0.724148
-0.670415
-0.632226
-0.666158
-0.648067
-0.636308
-0.643775
-0.649497
-0.64381
-0.641978
-0.655272
-0.680341
-0.642903
-0.648921
-0.672892
-0.661011
-0.665704
-0.706963
-0.675038
-0.660924
-0.703666
-0.678893
-0.644124
-0.667658
-0.655568
-0.646322
-0.673869
-0.643723
-0.65187
-0.639379
-0.67202
-0.634476
-0.666838
-0.665443
-0.660226
-0.653893
-0.656249
-0.641524
-0.649462
-0.653265
-0.660767
-0.636081
-0.663105
-0.648991
-0.63814
-0.639885
-0.673607
-0.65972
-0.675544
-0.642501
-0.677341
-0.667536
-0.696932
-0.676643
-0.662564
-0.649654
-0.656406
-0.660837
-0.663175
-0.637826
-0.684005
-0.658098
-0.639605
-0.63903
-0.634773
-0.662076
-0.631371
-0.639099
-0.65494
-0.649201
-0.64859
-0.662145
-0.645746
-0.652986
-0.661465
-0.65672
-0.631964
-0.66129
-0.646549
-0.638384
-0.654679
-0.668757
-0.65487
-0.680847
-0.660889
-0.684807
-0.673066
-0.654522
-0.653963
-0.651817
-0.657086
-0.656144
-0.633517
-0.706841
-0.677096
-0.63568
-0.675038
-0.647125
-0.654434
-0.665914
-0.682714
-0.692885
-0.663803
-0.657278
-0.652655
-0.66696
-0.66061
-0.638646
-0.676067
-0.667501
-0.641716
-0.669054
-0.681562
-0.713104
-0.681405
-0.682121
-0.695362
-0.677288
-0.681248
-0.688855
-0.704696
-0.678614
-0.686273
-0.683883
-0.680952
-0.647473
-0.661116
-0.651154
-0.650928
-0.650352
-0.677951
-0.642484
-0.658185
-0.655778
-0.635418
-0.675491
-0.707609
-0.639536
-0.673345
-0.670397
-0.663018
-0.66136
-0.650474
-0.652271
-0.658377
-0.665739
-0.642903
-0.674741
-0.663384
-0.644961
-0.672805
-0.672403
-0.688541
-0.667501
-0.678649
-0.681022
-0.701014
-0.670397
-0.677463
-0.67577
-0.672944
-0.716908
-0.674497
-0.659773
-0.67113
-0.673642
-0.672107
-0.644525
-0.696077
-0.668356
-0.646514
-0.679713
-0.666734
-0.669193
-0.681859
-0.674357
-0.645415
-0.69592
-0.669071
-0.647508
-0.6798
-0.676294
-0.733586
-0.711639
-0.658063
-0.68219
-0.665774
-0.662145
-0.654522
-0.711848
-0.669141
-0.643374
-0.686971
-0.690373
-0.647561
-0.67502
-0.685104
-0.647787
-0.674741
-0.661151
-0.651381
-0.69285
-0.65508
-0.689675
-0.672491
-0.659127
-0.665163
-0.678719
-0.671723
-0.668862
-0.652882
-0.651922
-0.672124
-0.707278
-0.654836
-0.655272
-0.60344
-0.627638
-0.612407
-0.618479
-0.617624
-0.620589
-0.625806
-0.644019
-0.626434
-0.659005
-0.642083
-0.626608
-0.650125
-0.654225
-0.635244
-0.649148
-0.646619
-0.638471
-0.640181
-0.67666
-0.637407
-0.668321
-0.615478
-0.663611
-0.670955
-0.618479
-0.632173
-0.635261
-0.618793
-0.611099
-0.618775
-0.624585
-0.640844
-0.616594
-0.656249
-0.643897
-0.65016
-0.65173
-0.656353
-0.641315
-0.642972
-0.638663
-0.630063
-0.637215
-0.62516
-0.634755
-0.640582
-0.617676
-0.657609
-0.670467
-0.620049
-0.643409
-0.620729
-0.611814
-0.618269
-0.626486
-0.643932
-0.619927
-0.659232
-0.646531
-0.644176
-0.654539
-0.658429
-0.66785
-0.645432
-0.642833
-0.630254
-0.639361
-0.633726
-0.634354
-0.649113
-0.619717
-0.660697
-0.673415
-0.622229
-0.627655
-0.617624
-0.626486
-0.634668
-0.650718
-0.626538
-0.665251
-0.650806
-0.647194
-0.661953
-0.665914
-0.659877
-0.649253
-0.645467
-0.634529
-0.646496
-0.634825
-0.640861
-0.648921
-0.627236
-0.666681
-0.679957
-0.629574
-0.664937
-0.677916
-0.654661
-0.673154
-0.656092
-0.691629
-0.683813
-0.647508
-0.699671
-0.684964
-0.647316
-0.681144
-0.682487
-0.669699
-0.707766
-0.657854
-0.695118
-0.657191
-0.647578
-0.70234
-0.711569
-0.650997
-0.685994
-0.645153
-0.664902
-0.659005
-0.682539
-0.673119
-0.636186
-0.678091
-0.673677
-0.638367
-0.672055
-0.677201
-0.709284
-0.698223
-0.670711
-0.729748
-0.664152
-0.640164
-0.698834
-0.698677
-0.644595
-0.648956
-0.667588
-0.653143
-0.682784
-0.676433
-0.645083
-0.68008
-0.677375
-0.645834
-0.673974
-0.677096
-0.694943
-0.687197
-0.659302
-0.699566
-0.663628
-0.641106
-0.693007
-0.697456
-0.643513
-0.699985
-0.670362
-0.702445
-0.68001
-0.650579
-0.688611
-0.70555
-0.654225
-0.689169
-0.682103
-0.658325
-0.676154
-0.666891
-0.668775
-0.663367
-0.654138
-0.704504
-0.708185
-0.656266
-0.678248
-0.729207
-0.706562
-0.668687
-0.703684
-0.722961
-0.670624
-0.726712
-0.71204
-0.676852
-0.693774
-0.685278
-0.687581
-0.678265
-0.669281
-0.728893
-0.724479
-0.671269
-0.697525
-0.6783
-0.643182
-0.687215
-0.687825
-0.645991
-0.684249
-0.681371
-0.666768
-0.679783
-0.674497
-0.678475
-0.662843
-0.654173
-0.706702
-0.707731
-0.660523
-0.719978
-0.683778
-0.727392
-0.736691
-0.685575
-0.738837
-0.729503
-0.691315
-0.715355
-0.703056
-0.706615
-0.694996
-0.6895
-0.757905
-0.747211
-0.691873
-0.670833
-0.710749
-0.712616
-0.671653
-0.72352
-0.727305
-0.681719
-0.703771
-0.68718
-0.696915
-0.678632
-0.672752
-0.729259
-0.729416
-0.676032
-0.679399
-0.684929
-0.663052
-0.670118
-0.66703
-0.653021
-0.665966
-0.65112
-0.660017
-0.661343
-0.644577
-0.685209
-0.697822
-0.646845
-0.718251
-0.680847
-0.708883
-0.708411
-0.684912
-0.730201
-0.692606
-0.704155
-0.690721
-0.687703
-0.735906
-0.765372
-0.691541
-0.68547
-0.717728
-0.711081
-0.686151
-0.706074
-0.693321
-0.69667
-0.691611
-0.685767
-0.731876
-0.736778
-0.687895
-0.670275
-0.66635
-0.657749
-0.665146
-0.659581
-0.660872
-0.669769
-0.646374
-0.686691
-0.699933
-0.648852
-0.744594
-0.685052
-0.70009
-0.695153
-0.695955
-0.682696
-0.671479
-0.739116
-0.729748
-0.673607
-0.687093
-0.704294
-0.691576
-0.701834
-0.681562
-0.668984
-0.737598
-0.726869
-0.671217
-0.691576
-0.670938
-0.729381
-0.69599
-0.649637
-0.704155
-0.704486
-0.653789
-0.682278
-0.730847
-0.681091
-0.672246
-0.732626
-0.745588
-0.676433
-0.68247
-0.680551
-0.656737
-0.71136
-0.714238
-0.660261
-0.685889
-0.662738
-0.722141
-0.722403
-0.666925
-0.655795
-0.701486
-0.7104
-0.659424
-0.692989
-0.70801
-0.679818
-0.764936
-0.695222
-0.71115
-0.676102
-0.661011
-0.628144
-0.63479
-0.644071
-0.633273
-0.638541
-0.632819
-0.632383
-0.634093
-0.677515
-0.628248
-0.639536
-0.672683
-0.650055
-0.648049
-0.667641
-0.638681
-0.691594
-0.655481
-0.698851
-0.636448
-0.652201
-0.644263
-0.639518
-0.684057
-0.651608
-0.656406
-0.664047
-0.657191
-0.663227
-0.656353
-0.657313
-0.657557
-0.68957
-0.653841
-0.664117
-0.707766
-0.673345
-0.673817
-0.686988
-0.663471
-0.7145
-0.676817
-0.717885
-0.661831
-0.678004
-0.669996
-0.664902
-0.63568
-0.639501
-0.648852
-0.641402
-0.646113
-0.640321
-0.638873
-0.640164
-0.674549
-0.637006
-0.648398
-0.687616
-0.654731
-0.654504
-0.670641
-0.646427
-0.698049
-0.659703
-0.703492
-0.644124
-0.659319
-0.652149
-0.647299
-0.66874
-0.681999
-0.640321
-0.648381
-0.649776
-0.648782
-0.653841
-0.652672
-0.657906
-0.646933
-0.659145
-0.66457
-0.669403
-0.682923
-0.692623
-0.701677
-0.694908
-0.69592
-0.639413
-0.675927
-0.665198
-0.643321
-0.697787
-0.644176
-0.65412
-0.66396
-0.652428
-0.65665
-0.656109
-0.647386
-0.649148
-0.664535
-0.669333
-0.678946
-0.72666
-0.693513
-0.718129
-0.737528
-0.709127
-0.647526
-0.686901
-0.665948
-0.651957
-0.649305
-0.657854
-0.658586
-0.651277
-0.659546
-0.666193
-0.650073
-0.654103
-0.671653
-0.67181
-0.678352
-0.716227
-0.682696
-0.710627
-0.710278
-0.709859
-0.650422
-0.679329
-0.664309
-0.653248
-0.682086
-0.662616
-0.66375
-0.646653
-0.655429
-0.6436
-0.674183
-0.665111
-0.672909
-0.668914
-0.670467
-0.654347
-0.706144
-0.664762
-0.698921
-0.644682
-0.678405
-0.660244
-0.647439
-0.659162
-0.687895
-0.668496
-0.662058
-0.653963
-0.685558
-0.67017
-0.70658
-0.691559
-0.677724
-0.663838
-0.713122
-0.673694
-0.703387
-0.648695
-0.699479
-0.671549
-0.651172
-0.661203
-0.653597
-0.65508
-0.652114
-0.657086
-0.663576
-0.670362
-0.673904
-0.683307
-0.66935
-0.710749
-0.68158
-0.702236
-0.652114
-0.685976
-0.669211
-0.659581
-0.665163
-0.655516
-0.667484
-0.690844
-0.663768
-0.701608
-0.691088
-0.67188
-0.669228
-0.712127
-0.670746
-0.699322
-0.645816
-0.724165
-0.691001
-0.648677
-0.656842
-0.654713
-0.660523
-0.665094
-0.695676
-0.705393
-0.677393
-0.668286
-0.709685
-0.676364
-0.698973
-0.645642
-0.689343
-0.6768
-0.64941
-0.651521
-0.664553
-0.693583
-0.671339
-0.672089
-0.686552
-0.663035
-0.714552
-0.676346
-0.717797
-0.659441
-0.676102
-0.667222
-0.662477
-0.655551
-0.660052
-0.666803
-0.667309
-0.66635
-0.690181
-0.703945
-0.669438
-0.697316
-0.644054
-0.691803
-0.717291
-0.648799
-0.672037
-0.68308
-0.676922
-0.674671
-0.661761
-0.710488
-0.668548
-0.704591
-0.650038
-0.688785
-0.673171
-0.652794
-0.678858
-0.678911
-0.694594
-0.670275
-0.721862
-0.683656
-0.725282
-0.66853
-0.684458
-0.676765
-0.671636
-0.732173
-0.692379
-0.677864
-0.725683
-0.68943
-0.714622
-0.65972
-0.714483
-0.685924
-0.662337
-0.699375
-0.685418
-0.728806
-0.699218
-0.718373
-0.662041
-0.716524
-0.687163
-0.664832
-0.695659
-0.730568
-0.745187
-0.746199
-0.673747
-0.702061
-0.683272
-0.677969
-0.716471
-0.72331
-0.710749
-0.655568
-0.704608
-0.703753
-0.660523
-0.73062
-0.753125
-0.709423
-0.73533
-0.723485
-0.712947
-0.730131
-0.666437
-0.706335
-0.68636
-0.670973
-0.706178
-0.723432
-0.714343
-0.709807
-0.669647
-0.662547
-0.680516
-0.724113
-0.672229
-0.666385
-0.701503
-0.653632
-0.652009
-0.663454
-0.658168
-0.661971
-0.649898
-0.65508
-0.659965
-0.709109
-0.656667
-0.666559
-0.716454
-0.66853
-0.668687
-0.680917
-0.662494
-0.672316
-0.674479
-0.700299
-0.66532
-0.673572
-0.671496
-0.667902
-0.655673
-0.652655
-0.665809
-0.660697
-0.663384
-0.651346
-0.655795
-0.661029
-0.707801
-0.659057
-0.669089
-0.710226
-0.668653
-0.667205
-0.679678
-0.664117
-0.670415
-0.675544
-0.696548
-0.667745
-0.674392
-0.673084
-0.670223
-0.659842
-0.67823
-0.636727
-0.644787
-0.636866
-0.643792
-0.651259
-0.673642
-0.656441
-0.645851
-0.662285
-0.656999
-0.660191
-0.673537
-0.68875
-0.649201
-0.690652
-0.666297
-0.637983
-0.668182
-0.662337
-0.641333
-0.692204
-0.634372
-0.64306
-0.64784
-0.640042
-0.648485
-0.669961
-0.638663
-0.640809
-0.659232
-0.656109
-0.663175
-0.716855
-0.684546
-0.669769
-0.729992
-0.679783
-0.639256
-0.673154
-0.655411
-0.643409
-0.644979
-0.65269
-0.646898
-0.644438
-0.65672
-0.682731
-0.64613
-0.651311
-0.672316
-0.662878
-0.667501
-0.708342
-0.677393
-0.664326
-0.706405
-0.68411
-0.647072
-0.670781
-0.658831
-0.64934
-0.67898
-0.649846
-0.657854
-0.644071
-0.676119
-0.64067
-0.671985
-0.667414
-0.667431
-0.658726
-0.659476
-0.647683
-0.65576
-0.658063
-0.669926
-0.642484
-0.67017
-0.655498
-0.644612
-0.646671
-0.680394
-0.665704
-0.679748
-0.649567
-0.68301
-0.669333
-0.703544
-0.682766
-0.665338
-0.656475
-0.662669
-0.666228
-0.672438
-0.645031
-0.691315
-0.665059
-0.64688
-0.646688
-0.641699
-0.667013
-0.639727
-0.645991
-0.657121
-0.656755
-0.655167
-0.666489
-0.653649
-0.660959
-0.668077
-0.667274
-0.64039
-0.669891
-0.655219
-0.64695
-0.660488
-0.673974
-0.662669
-0.68732
-0.662791
-0.692361
-0.679783
-0.657958
-0.661517
-0.658883
-0.66314
-0.66621
-0.641106
-0.714744
-0.68486
-0.643339
-0.678893
-0.65405
-0.660174
-0.66785
-0.689535
-0.69845
-0.667344
-0.664099
-0.659476
-0.671514
-0.670083
-0.645362
-0.682679
-0.674322
-0.648503
-0.674549
-0.685453
-0.714727
-0.686308
-0.686953
-0.697264
-0.682679
-0.686779
-0.694211
-0.711831
-0.68411
-0.691594
-0.689413
-0.686517
-0.654783
-0.663995
-0.658918
-0.657575
-0.655254
-0.685994
-0.650596
-0.665216
-0.66703
-0.644124
-0.683394
-0.716
-0.648311
-0.675526
-0.677742
-0.668967
-0.664867
-0.6574
-0.658848
-0.664361
-0.675456
-0.650143
-0.681807
-0.670729
-0.652271
-0.675299
-0.673991
-0.688733
-0.669996
-0.67919
-0.682365
-0.704905
-0.673345
-0.680795
-0.679172
-0.675962
-0.723589
-0.678527
-0.667292
-0.678719
-0.679242
-0.682417
-0.652568
-0.704783
-0.676852
-0.654626
-0.682348
-0.673136
-0.675317
-0.686622
-0.683063
-0.652271
-0.703439
-0.675893
-0.654434
-0.684458
-0.680742
-0.737511
-0.7186
-0.662895
-0.687337
-0.67099
-0.667048
-0.661901
-0.718356
-0.679242
-0.651416
-0.694769
-0.69838
-0.655673
-0.681667
-0.695065
-0.655621
-0.68233
-0.669019
-0.659214
-0.700753
-0.661831
-0.696461
-0.679486
-0.665948
-0.676416
-0.689518
-0.682731
-0.680114
-0.661343
-0.660732
-0.68076
-0.715076
-0.663367
-0.664152
-0.663227
-0.659476
-0.670711
-0.668286
-0.671252
-0.660854
-0.664745
-0.668862
-0.70904
-0.668042
-0.677061
-0.729748
-0.67666
-0.676713
-0.686325
-0.672089
-0.682295
-0.682295
-0.709092
-0.676102
-0.683377
-0.681719
-0.678509
-0.660802
-0.677899
-0.637965
-0.647142
-0.639675
-0.645415
-0.65344
-0.667205
-0.658796
-0.647822
-0.688227
-0.659354
-0.664047
-0.673904
-0.690442
-0.656755
-0.689657
-0.673677
-0.639431
-0.670327
-0.664623
-0.64292
-0.69107
-0.634598
-0.644891
-0.64866
-0.64149
-0.649794
-0.663
-0.640425
-0.641769
-0.68486
-0.656824
-0.666158
-0.716908
-0.685645
-0.674776
-0.72987
-0.685592
-0.639553
-0.674985
-0.656755
-0.643845
-0.644403
-0.652533
-0.646706
-0.644525
-0.657295
-0.675805
-0.646671
-0.650631
-0.695955
-0.663419
-0.669193
-0.706754
-0.677061
-0.668112
-0.703248
-0.689814
-0.646287
-0.671182
-0.659023
-0.648625
-0.682068
-0.652411
-0.65979
-0.646287
-0.669438
-0.643339
-0.675108
-0.692972
-0.668705
-0.662895
-0.659668
-0.649619
-0.663558
-0.657383
-0.678178
-0.644386
-0.67284
-0.658098
-0.646653
-0.649933
-0.683935
-0.668339
-0.675439
-0.653353
-0.685854
-0.695798
-0.705515
-0.687703
-0.666786
-0.6589
-0.671723
-0.666524
-0.681807
-0.64791
-0.694472
-0.668426
-0.649898
-0.649986
-0.644717
-0.660924
-0.643548
-0.649358
-0.684528
-0.659528
-0.660209
-0.667135
-0.656388
-0.668513
-0.668687
-0.675491
-0.642955
-0.673502
-0.658551
-0.649654
-0.664064
-0.668443
-0.666071
-0.690687
-0.689989
-0.694926
-0.684615
-0.658883
-0.663907
-0.667484
-0.662983
-0.675544
-0.64388
-0.718565
-0.688262
-0.646252
-0.672316
-0.657522
-0.662843
-0.69456
-0.691262
-0.702166
-0.667571
-0.666629
-0.667798
-0.671636
-0.678579
-0.647787
-0.685662
-0.677724
-0.651067
-0.669263
-0.680551
-0.727933
-0.680603
-0.68219
-0.691315
-0.675823
-0.685435
-0.685575
-0.711918
-0.677009
-0.686029
-0.68301
-0.679556
-0.657557
-0.692553
-0.662145
-0.663209
-0.656632
-0.688977
-0.65986
-0.665722
-0.676259
-0.647142
-0.687599
-0.718879
-0.651468
-0.702305
-0.679957
-0.67345
-0.665512
-0.65972
-0.667379
-0.663995
-0.684301
-0.652358
-0.685348
-0.673502
-0.654626
-0.700857
-0.701538
-0.711953
-0.697403
-0.707923
-0.707853
-0.730114
-0.701206
-0.708865
-0.707033
-0.703893
-0.72734
-0.678509
-0.669368
-0.686029
-0.67898
-0.69053
-0.654539
-0.706475
-0.679172
-0.656737
-0.684319
-0.677341
-0.684964
-0.688419
-0.693373
-0.65658
-0.708167
-0.681039
-0.658883
-0.684685
-0.684668
-0.737075
-0.724305
-0.662878
-0.688157
-0.671671
-0.667239
-0.670223
-0.718059
-0.688227
-0.653283
-0.697892
-0.701294
-0.657749
-0.685906
-0.705446
-0.663838
-0.691315
-0.678143
-0.667431
-0.70726
-0.660942
-0.696479
-0.679504
-0.665198
-0.684528
-0.698956
-0.692169
-0.688297
-0.6645
-0.663262
-0.682452
-0.718722
-0.666664
-0.666821
-0.665495
-0.684929
-0.645101
-0.652812
-0.644333
-0.650457
-0.657714
-0.668687
-0.665024
-0.654539
-0.678719
-0.662407
-0.666053
-0.677341
-0.696391
-0.656877
-0.696025
-0.672648
-0.645136
-0.675055
-0.669281
-0.64845
-0.697194
-0.640199
-0.647979
-0.653318
-0.644438
-0.651974
-0.663576
-0.644909
-0.64702
-0.67598
-0.658272
-0.666699
-0.719647
-0.68964
-0.675038
-0.734493
-0.683935
-0.644351
-0.677759
-0.660226
-0.648468
-0.651643
-0.658237
-0.653074
-0.649741
-0.661256
-0.678649
-0.653353
-0.658499
-0.687738
-0.666577
-0.671863
-0.711063
-0.683464
-0.669734
-0.710069
-0.689518
-0.652794
-0.675945
-0.664413
-0.654958
-0.688506
-0.659232
-0.665809
-0.650701
-0.6712
-0.650753
-0.681964
-0.685209
-0.672316
-0.664832
-0.663733
-0.655778
-0.664588
-0.66375
-0.677149
-0.651067
-0.678335
-0.664152
-0.653161
-0.65501
-0.687721
-0.671845
-0.676015
-0.658464
-0.691803
-0.687407
-0.709336
-0.688802
-0.668478
-0.663524
-0.670659
-0.671147
-0.678684
-0.652777
-0.698921
-0.673433
-0.654591
-0.653876
-0.64784
-0.662651
-0.648625
-0.655341
-0.676381
-0.662198
-0.661343
-0.670258
-0.661465
-0.668949
-0.673136
-0.674148
-0.648346
-0.677218
-0.662895
-0.65501
-0.665547
-0.668391
-0.671392
-0.695938
-0.679923
-0.696932
-0.685017
-0.660505
-0.667902
-0.666071
-0.666838
-0.672142
-0.648119
-0.722037
-0.692222
-0.650317
-0.672403
-0.661029
-0.667048
-0.684214
-0.693338
-0.703335
-0.669333
-0.669228
-0.665687
-0.675003
-0.67434
-0.65098
-0.688157
-0.68008
-0.654085
-0.670816
-0.68301
-0.719612
-0.679678
-0.6798
-0.690285
-0.676887
-0.682417
-0.686918
-0.706981
-0.679015
-0.68622
-0.6839
-0.681388
-0.664762
-0.683185
-0.664849
-0.664727
-0.659441
-0.694786
-0.659912
-0.670903
-0.674881
-0.653335
-0.692606
-0.724863
-0.657487
-0.693984
-0.683569
-0.675736
-0.669228
-0.666018
-0.668687
-0.670013
-0.683272
-0.659459
-0.691193
-0.679835
-0.661552
-0.690268
-0.69053
-0.703213
-0.687965
-0.697054
-0.697927
-0.721164
-0.692012
-0.697996
-0.697002
-0.694455
-0.727776
-0.67912
-0.671374
-0.683394
-0.681615
-0.685767
-0.656789
-0.708656
-0.681214
-0.658813
-0.684301
-0.678509
-0.681074
-0.690146
-0.688122
-0.657714
-0.708534
-0.681545
-0.659842
-0.687006
-0.683743
-0.739744
-0.723275
-0.665512
-0.689186
-0.673398
-0.669699
-0.669856
-0.72331
-0.685802
-0.658778
-0.701643
-0.705672
-0.66307
-0.686098
-0.701311
-0.663715
-0.689936
-0.677114
-0.667414
-0.705672
-0.666437
-0.700369
-0.683953
-0.670519
-0.682836
-0.69531
-0.68943
-0.6865
-0.668565
-0.668443
-0.688785
-0.722647
-0.670554
-0.671828
-0.739971
-0.68308
-0.692187
-0.696688
-0.693774
-0.699706
-0.687128
-0.705376
-0.689587
-0.687354
-0.708307
-0.717256
-0.754538
-0.746653
-0.717396
-0.77242
-0.713558
-0.68807
-0.727933
-0.715006
-0.692361
-0.698991
-0.70733
-0.703073
-0.706266
-0.714221
-0.70555
-0.716123
-0.705742
-0.705882
-0.720798
-0.727166
-0.751747
-0.745082
-0.71921
-0.757486
-0.725142
-0.701677
-0.732748
-0.724427
-0.704364
-0.700578
-0.680795
-0.687407
-0.679766
-0.66457
-0.68711
-0.693513
-0.665634
-0.696356
-0.695327
-0.691332
-0.717571
-0.680952
-0.712529
-0.678405
-0.663838
-0.708865
-0.693635
-0.666873
-0.679992
-0.711621
-0.702654
-0.673921
-0.697613
-0.707888
-0.672857
-0.73226
-0.719577
-0.699706
-0.725386
-0.689954
-0.720275
-0.684406
-0.670292
-0.729242
-0.705219
-0.673049
-0.687407
-0.683185
-0.664954
-0.692588
-0.679242
-0.66539
-0.697124
-0.699514
-0.700578
-0.721443
-0.695711
-0.720589
-0.68622
-0.671723
-0.715634
-0.700753
-0.67926
-0.704556
-0.672962
-0.713296
-0.715686
-0.671409
-0.729032
-0.72406
-0.698188
-0.733289
-0.693844
-0.723467
-0.685086
-0.673764
-0.755881
-0.728439
-0.676904
-0.681022
-0.707888
-0.696705
-0.680167
-0.728369
-0.738889
-0.706806
-0.731126
-0.697299
-0.729817
-0.690704
-0.679766
-0.729329
-0.720693
-0.683813
-0.68547
-0.676137
-0.686709
-0.685575
-0.690687
-0.698345
-0.718722
-0.67666
-0.717902
-0.689745
-0.667013
-0.697351
-0.691123
-0.670258
-0.700526
-0.684197
-0.712337
-0.71532
-0.709231
-0.753648
-0.69749
-0.735871
-0.698049
-0.689064
-0.739605
-0.75951
-0.69353
-0.674933
-0.708551
-0.706335
-0.69756
-0.72673
-0.685017
-0.719455
-0.684214
-0.671845
-0.720641
-0.706911
-0.67495
-0.684336
-0.688401
-0.701049
-0.716576
-0.682819
-0.716803
-0.694542
-0.665809
-0.69667
-0.690373
-0.669263
-0.762214
-0.716384
-0.739831
-0.711168
-0.737127
-0.700526
-0.684179
-0.748502
-0.722665
-0.687145
-0.724601
-0.744699
-0.713698
-0.745414
-0.706824
-0.689954
-0.750927
-0.726799
-0.692675
-0.74653
-0.714797
-0.775996
-0.737895
-0.692902
-0.731614
-0.716663
-0.697403
-0.733638
-0.777566
-0.734127
-0.722037
-0.764447
-0.76436
-0.725875
-0.736866
-0.707626
-0.678963
-0.723711
-0.709005
-0.683464
-0.741471
-0.717937
-0.755114
-0.744768
-0.722054
-0.680394
-0.714954
-0.705236
-0.68472
-0.701957
-0.69681
-0.698729
-0.762633
-0.704678
-0.700648
-0.709127
-0.716908
-0.718652
-0.714727
-0.722333
-0.717501
-0.716419
-0.714657
-0.719298
-0.728143
-0.735243
-0.776293
-0.75323
-0.744734
-0.784684
-0.743512
-0.716628
-0.743861
-0.732713
-0.720327
-0.696897
-0.688768
-0.683377
-0.674061
-0.658098
-0.667449
-0.687215
-0.662233
-0.692117
-0.69531
-0.734092
-0.71197
-0.697054
-0.752218
-0.690146
-0.662041
-0.709859
-0.683918
-0.666088
-0.687267
-0.707103
-0.695973
-0.668356
-0.678858
-0.701032
-0.670292
-0.726346
-0.717675
-0.740512
-0.721252
-0.706615
-0.758219
-0.696705
-0.668565
-0.729678
-0.696897
-0.672543
-0.691053
-0.688297
-0.672089
-0.68793
-0.68397
-0.675108
-0.70077
-0.707452
-0.744524
-0.728683
-0.721723
-0.763209
-0.707452
-0.683673
-0.723537
-0.70569
-0.692222
-0.696618
-0.665722
-0.695449
-0.7089
-0.667379
-0.725142
-0.722508
-0.738366
-0.726084
-0.7089
-0.756387
-0.695641
-0.670292
-0.756527
-0.719838
-0.674375
-0.673712
-0.688785
-0.687756
-0.675579
-0.721409
-0.735592
-0.745728
-0.727619
-0.712075
-0.761481
-0.701259
-0.676084
-0.727462
-0.711046
-0.681214
-0.663785
-0.667187
-0.681562
-0.680219
-0.69053
-0.740267
-0.710819
-0.69346
-0.753962
-0.698904
-0.664029
-0.698206
-0.68001
-0.668077
-0.678736
-0.665373
-0.692955
-0.702462
-0.740058
-0.744629
-0.700683
-0.762022
-0.695414
-0.671426
-0.730829
-0.744768
-0.677463
-0.668496
-0.701974
-0.703771
-0.73875
-0.718024
-0.700038
-0.756108
-0.694246
-0.667152
-0.720554
-0.696112
-0.67113
-0.681562
-0.689849
-0.744507
-0.711046
-0.700875
-0.756911
-0.70719
-0.666036
-0.700038
-0.682539
-0.670223
-0.757312
-0.752584
-0.734161
-0.727549
-0.768721
-0.710522
-0.681824
-0.74824
-0.713645
-0.685802
-0.759231
-0.744856
-0.733254
-0.775996
-0.721252
-0.692728
-0.752584
-0.723118
-0.696601
-0.771949
-0.770431
-0.806021
-0.774304
-0.742501
-0.768093
-0.757504
-0.74599
-0.746496
-0.795169
-0.737249
-0.71839
-0.763732
-0.76047
-0.72324
-0.788522
-0.73622
-0.701625
-0.745257
-0.721932
-0.706021
-0.780114
-0.762581
-0.787127
-0.778491
-0.766035
-0.69681
-0.729416
-0.712616
-0.700543
-0.706789
-0.690163
-0.701782
-0.763592
-0.710522
-0.694734
-0.703352
-0.684301
-0.68397
-0.679329
-0.671112
-0.67202
-0.693356
-0.67284
-0.698223
-0.697299
-0.722473
-0.701852
-0.688855
-0.723572
-0.691925
-0.666123
-0.705149
-0.684162
-0.668356
-0.682731
-0.707975
-0.700683
-0.679137
-0.682592
-0.707033
-0.679434
-0.731893
-0.720781
-0.728335
-0.711482
-0.697299
-0.730829
-0.697578
-0.67174
-0.725596
-0.696444
-0.673764
-0.684005
-0.682784
-0.672369
-0.680533
-0.679748
-0.673677
-0.696165
-0.699566
-0.726869
-0.710365
-0.70316
-0.730829
-0.699427
-0.675299
-0.710906
-0.694385
-0.681964
-0.696723
-0.67106
-0.694368
-0.710924
-0.671357
-0.724898
-0.72024
-0.723328
-0.714291
-0.694908
-0.728858
-0.691629
-0.667815
-0.749444
-0.714779
-0.670153
-0.683726
-0.691332
-0.693338
-0.683953
-0.725282
-0.737302
-0.731597
-0.717431
-0.701991
-0.735557
-0.701224
-0.678004
-0.722612
-0.710383
-0.681318
-0.673031
-0.678841
-0.69531
-0.688349
-0.695728
-0.731998
-0.704957
-0.689169
-0.731527
-0.705987
-0.673485
-0.697124
-0.685069
-0.675648
-0.682993
-0.672979
-0.696269
-0.701381
-0.72481
-0.734441
-0.689413
-0.732818
-0.694403
-0.672299
-0.723956
-0.743826
-0.676451
-0.6783
-0.70658
-0.705376
-0.72584
-0.70794
-0.690966
-0.728265
-0.695781
-0.670572
-0.71546
-0.695903
-0.672805
-0.689308
-0.694594
-0.735644
-0.704172
-0.695292
-0.731231
-0.711656
-0.673851
-0.697525
-0.685889
-0.676154
-0.760417
-0.739639
-0.722508
-0.716628
-0.742378
-0.709999
-0.683534
-0.742762
-0.712354
-0.685627
-0.746356
-0.732016
-0.720868
-0.748955
-0.717658
-0.69025
-0.744803
-0.718199
-0.692518
-0.756178
-0.748275
-0.792029
-0.767151
-0.726974
-0.751311
-0.739744
-0.730184
-0.72256
-0.77249
-0.728108
-0.703945
-0.74845
-0.74742
-0.707888
-0.751503
-0.724322
-0.688541
-0.725334
-0.706475
-0.69196
-0.756283
-0.72912
-0.757992
-0.746984
-0.732434
-0.695798
-0.721496
-0.707836
-0.698834
-0.697124
-0.686569
-0.700561
-0.752671
-0.699322
-0.689884
-0.715268
-0.731719
-0.717344
-0.706649
-0.711534
-0.742152
-0.709493
-0.744472
-0.731754
-0.714849
-0.716663
-0.719437
-0.72024
-0.718704
-0.706998
-0.741872
-0.7257
-0.708952
-0.70555
-0.686709
-0.675282
-0.689204
-0.7089
-0.680184
-0.710313
-0.705899
-0.700857
-0.700857
-0.707539
-0.708551
-0.698537
-0.685261
-0.723031
-0.703928
-0.691925
-0.701904
-0.683883
-0.710296
-0.736307
-0.687145
-0.735627
-0.725247
-0.695502
-0.708202
-0.706126
-0.705882
-0.698345
-0.687686
-0.758568
-0.730951
-0.689884
-0.670345
-0.686011
-0.707661
-0.6727
-0.724322
-0.728806
-0.68629
-0.694978
-0.690285
-0.696984
-0.682714
-0.671392
-0.719001
-0.705167
-0.674357
-0.667117
-0.699409
-0.688977
-0.692169
-0.686011
-0.682051
-0.674793
-0.680708
-0.682382
-0.690093
-0.667955
-0.69606
-0.680934
-0.669978
-0.707086
-0.67031
-0.703335
-0.698118
-0.677061
-0.718478
-0.686779
-0.693966
-0.68322
-0.673712
-0.728021
-0.748101
-0.677515
-0.702742
-0.72673
-0.718757
-0.704992
-0.709109
-0.711185
-0.71122
-0.710453
-0.699235
-0.734353
-0.721775
-0.701398
-0.694001
-0.687843
-0.687407
-0.676625
-0.690076
-0.685331
-0.699287
-0.671985
-0.699497
-0.685348
-0.674218
-0.757469
-0.710069
-0.709371
-0.715494
-0.715355
-0.708551
-0.693077
-0.741279
-0.718687
-0.694961
-0.709109
-0.71218
-0.71136
-0.718792
-0.704556
-0.687581
-0.740599
-0.714762
-0.68971
-0.705463
-0.703282
-0.754015
-0.726171
-0.678073
-0.717902
-0.693146
-0.68219
-0.69777
-0.743861
-0.695397
-0.6809
-0.737197
-0.731283
-0.684912
-0.709894
-0.711639
-0.685383
-0.724339
-0.705201
-0.688663
-0.713104
-0.68479
-0.733062
-0.708167
-0.688593
-0.684441
-0.716419
-0.698432
-0.687825
-0.703178
-0.690181
-0.702358
-0.75705
-0.705236
-0.693356
-0.716925
-0.697665
-0.673188
-0.68868
-0.713366
-0.675962
-0.731911
-0.717379
-0.697438
-0.700229
-0.705236
-0.707016
-0.692885
-0.680062
-0.731754
-0.704696
-0.686308
-0.733341
-0.708202
-0.733115
-0.758673
-0.709615
-0.767936
-0.754486
-0.719472
-0.731405
-0.728561
-0.729783
-0.72099
-0.710296
-0.781213
-0.751084
-0.712215
-0.691803
-0.710156
-0.730515
-0.692518
-0.759353
-0.755253
-0.707749
-0.717832
-0.711883
-0.718792
-0.702358
-0.691908
-0.747438
-0.727672
-0.694804
-0.677236
-0.711168
-0.692536
-0.730201
-0.711412
-0.689134
-0.684389
-0.689186
-0.691768
-0.693059
-0.671932
-0.718914
-0.692344
-0.673677
-0.720833
-0.678649
-0.740076
-0.722926
-0.688157
-0.727689
-0.696688
-0.705132
-0.689849
-0.680237
-0.747281
-0.757242
-0.68397
-0.712162
-0.75862
-0.743669
-0.718076
-0.72345
-0.72413
-0.724863
-0.720397
-0.709423
-0.757068
-0.734859
-0.711238
-0.730393
-0.711046
-0.693757
-0.684232
-0.696426
-0.692867
-0.700823
-0.673625
-0.720152
-0.69449
-0.675579
-0.784231
-0.742937
-0.745519
-0.746897
-0.751084
-0.742605
-0.729538
-0.774845
-0.754067
-0.731702
-0.731649
-0.735697
-0.732574
-0.742239
-0.726328
-0.710365
-0.767535
-0.738837
-0.712633
-0.715547
-0.710784
-0.760888
-0.730882
-0.682819
-0.738732
-0.705184
-0.686657
-0.707923
-0.752619
-0.70234
-0.687529
-0.755864
-0.741087
-0.691402
-0.718792
-0.717675
-0.690756
-0.743355
-0.716402
-0.693757
-0.718792
-0.69121
-0.752776
-0.720414
-0.694734
-0.684929
-0.735714
-0.706492
-0.688035
-0.723136
-0.697996
-0.702323
-0.774531
-0.725194
-0.701032
-0.700718
-0.673241
-0.706423
-0.722106
-0.675596
-0.731719
-0.723293
-0.698886
-0.711168
-0.711464
-0.710871
-0.694786
-0.684406
-0.758917
-0.728439
-0.691035
-0.667658
-0.689814
-0.691855
-0.670153
-0.724531
-0.73076
-0.696095
-0.700596
-0.702532
-0.706649
-0.68725
-0.676486
-0.724305
-0.709633
-0.683534
-0.666071
-0.673799
-0.679277
-0.682156
-0.683255
-0.688471
-0.681004
-0.685592
-0.692641
-0.687407
-0.666315
-0.696025
-0.68069
-0.67284
-0.690268
-0.668565
-0.701974
-0.701852
-0.692623
-0.726224
-0.701014
-0.709947
-0.689675
-0.680725
-0.733987
-0.750857
-0.688959
-0.675596
-0.71197
-0.705952
-0.695292
-0.69913
-0.701834
-0.704451
-0.691995
-0.680149
-0.725596
-0.706318
-0.686534
-0.683708
-0.683621
-0.694036
-0.68165
-0.693914
-0.694821
-0.695903
-0.669089
-0.698345
-0.683918
-0.675893
-0.75705
-0.711499
-0.713314
-0.721531
-0.721042
-0.704783
-0.690774
-0.74756
-0.719036
-0.697159
-0.715425
-0.718984
-0.72242
-0.728038
-0.707766
-0.691978
-0.747159
-0.720344
-0.698607
-0.720955
-0.721635
-0.76204
-0.736394
-0.692832
-0.726799
-0.709301
-0.701311
-0.717658
-0.755166
-0.708551
-0.694961
-0.747211
-0.741367
-0.703474
-0.732225
-0.722839
-0.699375
-0.737354
-0.719891
-0.707016
-0.727724
-0.703248
-0.743634
-0.725787
-0.711691
-0.690442
-0.720815
-0.705969
-0.698398
-0.710435
-0.697578
-0.713418
-0.765006
-0.717274
-0.705254
-0.687878
-0.722176
-0.734999
-0.688314
-0.758254
-0.758306
-0.703823
-0.724374
-0.711691
-0.719926
-0.699026
-0.691367
-0.770623
-0.745135
-0.694437
-0.690582
-0.715582
-0.686447
-0.718286
-0.708254
-0.681719
-0.689954
-0.685086
-0.688506
-0.687494
-0.668182
-0.742518
-0.71211
-0.67031
-0.739029
-0.691925
-0.746548
-0.740738
-0.700945
-0.747106
-0.714395
-0.721443
-0.704207
-0.698781
-0.779294
-0.779834
-0.702759
-0.716716
-0.758533
-0.749269
-0.721513
-0.735819
-0.730742
-0.732731
-0.725892
-0.71771
-0.780358
-0.756265
-0.719838
-0.719524
-0.707958
-0.685086
-0.689029
-0.692745
-0.688907
-0.695118
-0.669664
-0.743408
-0.714186
-0.672002
-0.787319
-0.737371
-0.748397
-0.747787
-0.749182
-0.735261
-0.722682
-0.79325
-0.765354
-0.724741
-0.73212
-0.74496
-0.738244
-0.746025
-0.725578
-0.712337
-0.791698
-0.75965
-0.71464
-0.71867
-0.707661
-0.758673
-0.725665
-0.678649
-0.762057
-0.723903
-0.682801
-0.717361
-0.758289
-0.70822
-0.697316
-0.783515
-0.766645
-0.701503
-0.719123
-0.716681
-0.691158
-0.772856
-0.738924
-0.694542
-0.71689
-0.6921
-0.778718
-0.742937
-0.696008
-0.68247
-0.761307
-0.726921
-0.685959
-0.752706
-0.722961
-0.703457
-0.806614
-0.7548
-0.726171
-0.681371
-0.688052
-0.690425
-0.714936
-0.726258
-0.690303
-0.692222
-0.685366
-0.697194
-0.690913
-0.672124
-0.70965
-0.70091
-0.67516
-0.706754
-0.681876
-0.733847
-0.743111
-0.695571
-0.737441
-0.700229
-0.714849
-0.692414
-0.686465
-0.746356
-0.763401
-0.69121
-0.688
-0.741681
-0.745327
-0.699846
-0.711255
-0.702794
-0.711098
-0.696409
-0.687145
-0.738523
-0.726328
-0.690111
-0.715198
-0.726241
-0.694717
-0.691227
-0.692815
-0.697525
-0.69763
-0.673188
-0.71061
-0.702637
-0.676433
-0.795344
-0.733813
-0.742989
-0.743041
-0.743844
-0.729399
-0.71853
-0.77406
-0.752968
-0.721286
-0.746775
-0.754625
-0.751363
-0.759248
-0.742675
-0.730306
-0.780253
-0.762615
-0.733516
-0.722752
-0.712895
-0.76436
-0.731597
-0.685802
-0.733376
-0.71682
-0.69107
-0.714116
-0.758219
-0.707975
-0.696688
-0.755847
-0.754992
-0.701643
-0.723624
-0.715076
-0.689308
-0.738732
-0.723677
-0.69367
-0.722508
-0.698241
-0.749793
-0.734772
-0.703195
-0.68383
-0.726485
-0.713698
-0.688227
-0.716245
-0.708795
-0.705899
-0.777479
-0.719315
-0.712564
-0.683953
-0.686604
-0.68547
-0.687023
-0.678387
-0.71436
-0.6768
-0.690233
-0.688314
-0.6712
-0.711098
-0.74332
-0.675282
-0.698834
-0.704992
-0.698624
-0.689465
-0.686674
-0.686308
-0.690495
-0.697996
-0.678335
-0.710557
-0.699026
-0.680359
-0.697107
-0.698485
-0.709982
-0.693617
-0.70316
-0.704033
-0.725491
-0.695467
-0.703125
-0.701049
-0.697979
-0.750979
-0.700648
-0.694298
-0.702794
-0.703387
-0.70248
-0.678213
-0.730219
-0.702672
-0.680167
-0.707086
-0.702899
-0.702567
-0.713732
-0.706021
-0.681091
-0.731632
-0.704329
-0.68315
-0.708254
-0.703422
-0.76047
-0.738802
-0.685401
-0.709912
-0.693181
-0.689518
-0.689326
-0.744664
-0.701608
-0.679713
-0.723136
-0.726224
-0.683865
-0.704975
-0.716035
-0.681475
-0.708813
-0.69456
-0.685034
-0.721443
-0.686569
-0.721478
-0.70405
-0.690582
-0.696862
-0.710383
-0.703282
-0.700526
-0.688488
-0.686936
-0.707312
-0.742326
-0.690407
-0.69025
-0.684738
-0.717309
-0.712651
-0.688
-0.731789
-0.695484
-0.704696
-0.69367
-0.687197
-0.742343
-0.763575
-0.691001
-0.685802
-0.685401
-0.682522
-0.713785
-0.684249
-0.691053
-0.695868
-0.672403
-0.712058
-0.744559
-0.676625
-0.764517
-0.703649
-0.739831
-0.714762
-0.720379
-0.701852
-0.689936
-0.762005
-0.769384
-0.694019
-0.709493
-0.746304
-0.713035
-0.728526
-0.704451
-0.691803
-0.76422
-0.76989
-0.695641
-0.739866
-0.699444
-0.761516
-0.72488
-0.678387
-0.73308
-0.750508
-0.684284
-0.732487
-0.778543
-0.733289
-0.724793
-0.779765
-0.799147
-0.729887
-0.7145
-0.709685
-0.685941
-0.741297
-0.761551
-0.69128
-0.720048
-0.697037
-0.756126
-0.770693
-0.702829
-0.68643
-0.73055
-0.758516
-0.691803
-0.722822
-0.757103
-0.711918
-0.806457
-0.726799
-0.760941
-0.704905
-0.697072
-0.692623
-0.68547
-0.693478
-0.690756
-0.704922
-0.67926
-0.711656
-0.700125
-0.681493
-0.771199
-0.718809
-0.721461
-0.725979
-0.72577
-0.717291
-0.703457
-0.75808
-0.73294
-0.705341
-0.716733
-0.723083
-0.718495
-0.727811
-0.712668
-0.696775
-0.754608
-0.728387
-0.698904
-0.711936
-0.704312
-0.758743
-0.730411
-0.681859
-0.728387
-0.704643
-0.685976
-0.702148
-0.750543
-0.70152
-0.6895
-0.748589
-0.744594
-0.693513
-0.711203
-0.713994
-0.687285
-0.734336
-0.713977
-0.690634
-0.715808
-0.689204
-0.743826
-0.719106
-0.693007
-0.688645
-0.726206
-0.710488
-0.69203
-0.714744
-0.704434
-0.70883
-0.769838
-0.716663
-0.707749
-0.750508
-0.704469
-0.69285
-0.70979
-0.703753
-0.708534
-0.678544
-0.730864
-0.703457
-0.680708
-0.709511
-0.699915
-0.708097
-0.712494
-0.711587
-0.679888
-0.73137
-0.703928
-0.682156
-0.710679
-0.71136
-0.76436
-0.746844
-0.689814
-0.714081
-0.698188
-0.694071
-0.694926
-0.743983
-0.707452
-0.678789
-0.722525
-0.726101
-0.68322
-0.711691
-0.72502
-0.689343
-0.715808
-0.70337
-0.692902
-0.728614
-0.687529
-0.722263
-0.705324
-0.691751
-0.704905
-0.717902
-0.711848
-0.708638
-0.689657
-0.689221
-0.709214
-0.744297
-0.691786
-0.692745
-0.770518
-0.776031
-0.778212
-0.781143
-0.767431
-0.754678
-0.802776
-0.778962
-0.756666
-0.73048
-0.730672
-0.772577
-0.743582
-0.696356
-0.756457
-0.72242
-0.700125
-0.726834
-0.764796
-0.71532
-0.698485
-0.773031
-0.754695
-0.702637
-0.739622
-0.734004
-0.706737
-0.764639
-0.735452
-0.710016
-0.732504
-0.704643
-0.770815
-0.737406
-0.708307
-0.695048
-0.750508
-0.720658
-0.698223
-0.736604
-0.709511
-0.710069
-0.789325
-0.738662
-0.712546
-0.741349
-0.736272
-0.779817
-0.751346
-0.703108
-0.759371
-0.728858
-0.70719
-0.731527
-0.774479
-0.725107
-0.707888
-0.778386
-0.762598
-0.711726
-0.74585
-0.73622
-0.706824
-0.765215
-0.735644
-0.710418
-0.743966
-0.715861
-0.776729
-0.746984
-0.71949
-0.699601
-0.753177
-0.723711
-0.703021
-0.738401
-0.71197
-0.713436
-0.792483
-0.740564
-0.714971
-0.729556
-0.796827
-0.750316
-0.708185
-0.757399
-0.753927
-0.713035
-0.78212
-0.756509
-0.703736
-0.740564
-0.718774
-0.708551
-0.794437
-0.761307
-0.78861
-0.777532
-0.764692
-0.733184
-0.7548
-0.740651
-0.736918
-0.710575
-0.695694
-0.715372
-0.76518
-0.714517
-0.700543
-0.767849
-0.724619
-0.698049
-0.754974
-0.748397
-0.703666
-0.76914
-0.751607
-0.792378
-0.792256
-0.756073
-0.699444
-0.745693
-0.746478
-0.704539
-0.73458
-0.739447
-0.719873
-0.805654
-0.738279
-0.743565
-0.74906
-0.711534
-0.75555
-0.733341
-0.716384
-0.715303
-0.742884
-0.728771
-0.719664
-0.718408
-0.706562
-0.72017
-0.775037
-0.721723
-0.711063
-0.717605
-0.751084
-0.734981
-0.721723
-0.729015
-0.713506
-0.72345
-0.78683
-0.732574
-0.718181
-0.708883
-0.703841
-0.724566
-0.763174
-0.712093
-0.708237
-0.756911
-0.727358
-0.729469
-0.760121
