-0.0526053
0.0195706
0.120156
0.0806174
0.0909354
-0.0210734
-0.031669
0.0118362
-0.0274412
-0.0217468
-0.058169
-0.0431062
-0.0261521
0.124765
-0.0567043
-0.0240613
0.0864822
-0.0217
-0.0553729
-0.0508777
-0.0483296
-0.0416858
0.00872096
-0.0251176
-0.0233214
0.0187822
0.0788351
0.00470633
0.15686
0.0867096
-0.0387942
0.131448
0.125604
-0.037499
0.0634472
0.0185764
0.108922
0.0229365
-0.0252419
0.00141112
0.0110095
-0.0200827
-0.00544088
-0.00404305
-0.0211907
-0.025238
0.0215244
-0.0498717
-0.0226513
0.0538765
0.013042
0.118988
0.109638
-0.0347598
-0.0350279
-0.00600326
-0.0328498
-0.0240728
-0.056299
-0.0442434
-0.0303615
0.119174
-0.0537825
-0.0263087
0.069462
-0.0205861
0.137411
-0.0344219
-0.0392653
-0.0144238
-0.0306897
-0.0179138
-0.0515693
-0.0385847
-0.0260527
0.0848759
-0.0470706
-0.0227908
0.180243
-0.0180513
-0.0348241
-0.0434523
-0.0111538
-0.0270951
-0.0215503
-0.0531923
-0.0453337
-0.0368903
0.0711266
-0.0459706
-0.0173235
0.120756
-0.0331351
0.109727
0.164744
-0.0061906
0.019712
0.0133295
0.030208
0.0541367
-0.0128179
0.0761584
0.00285843
-0.0245096
0.0520375
0.226709
-0.0186235
0.00903974
0.0623471
0.0105201
0.0338479
-0.0316148
-0.00514009
-0.0231872
-0.029387
0.0382949
-0.0030685
0.0199453
0.0235229
-0.00126795
0.0409994
0.00737347
-0.00349014
-0.00982474
0.00266095
0.0431525
0.16342
0.055256
0.075182
8.97605e-05
-0.0265524
-0.0100001
0.108007
-0.0152785
0.0753293
0.030023
0.172552
0.0888401
-0.0106031
0.0182961
0.151581
-0.00962774
0.239647
0.0448586
0.00730949
-0.0503847
0.00617277
0.00579637
-0.044534
0.0486157
0.0814461
-0.032094
0.0968977
0.184792
-0.032203
0.203616
-0.0182316
0.0390555
0.0436947
-0.0201278
0.180053
-0.0428645
-0.00758432
0.0700558
-0.0129352
0.0236685
-0.0443566
0.0340475
-0.0101249
0.0973112
-0.0182472
