0.00211444
-0.0016766
3.01915e-05
0.000693302
0.000515714
0.00146529
0.000936838
0.00151292
-0.00133598
0.00152222
-0.00306147
-0.00151572
-0.0011448
-0.0021252
-0.00134401
0.000225351
0.00082019
-0.00016684
0.00108582
0.000216108
0.00186766
0.000737512
0.00116716
0.00357757
-0.00174886
-0.00349738
0.00349304
0.00290289
0.00741999
0.00296933
0.00173547
0.00110223
0.00162665
0.00208061
0.00111235
0.000668764
0.00176363
0.00241015
0.0033036
0.0014577
0.00129646
0.00440223
0.000884967
0.00202546
0.00212251
0.00103648
-0.00214446
0.0012927
0.00271097
0.00163895
0.00124869
0.00154388
0.0014834
0.00936876
0.010977
0.000330673
0.000598726
0.00159712
0.000637968
0.00123369
-0.000803276
-8.35939e-05
0.000452237
0.0145849
-0.000982292
0.000610531
0.00871891
0.00070032
5.9854e-06
0.00342536
-0.00104349
0.00032489
0.00130263
0.00352127
-0.00112672
-0.000612142
-0.000954483
-0.00105258
0.0111132
0.000549789
0.000710007
0.00153258
0.000386433
0.00187707
-0.000198829
0.000899677
0.00170403
0.00858233
-0.000306603
0.00100091
0.0106752
0.00153939
0.00108549
0.00267276
7.88261e-05
0.00144367
0.000506062
0.00363505
-4.31942e-05
0.000761414
0.000510021
-8.47977e-05
0.000472192
0.000892963
0.00250546
0.00127696
0.00165927
-0.00029722
0.000886504
0.000691891
0.0103039
-0.000207737
0.000943569
0.00944282
0.00146034
0.000753239
0.00310004
-0.000247867
0.000723165
0.00136011
0.00291412
-0.000381826
0.000335553
0.000113592
-0.000389046
-0.00224704
-0.00190575
0.00147824
0.000994865
0.000740763
0.00112571
0.000141139
0.001164
-0.00144895
0.000985394
0.00122799
0.0010194
-0.000598548
-0.00122032
-0.00463016
0.00148275
-0.00351279
0.000502386
0.00238377
-0.000319632
-0.000164199
0.00217789
-0.00367441
0.00121867
0.000530588
-0.000330256
0.000558034
-0.00040535
-0.000224455
0.000877987
0.00116928
0.000740547
-0.00062585
-0.00139101
-0.00293316
-0.004277
-0.000777861
-0.00531455
-0.000343009
0.00259744
-0.00163187
0.000763711
0.00226272
0.000530821
0.000996543
-0.000527763
0.000729494
-0.000411969
0.00382307
0.000415734
0.00037555
0.00309435
-0.000409156
-0.00088855
0.000237426
-0.00324547
0.000146628
-0.00289448
0.000770751
0.00135164
-0.000854068
0.000390079
0.00133089
-0.00144374
-0.000453608
-0.0004225
0.00126376
-0.000407278
0.00140553
-0.00120851
0.00104403
0.000205856
7.6554e-05
0.000979376
0.00150541
0.000819531
0.000930751
0.0010313
0.00247376
0.000382984
0.00151407
0.00245252
5.06581e-05
-0.00163088
-0.000202567
0.0007758
0.00040422
-0.00181536
0.00167476
-0.00369004
-0.00150848
1.66199e-05
0.000440395
-0.000237955
0.000138844
0.000385228
0.00239472
-0.00196547
0.000610707
0.00241965
0.000134696
0.000921208
-0.00135918
0.00120326
0.000639181
-0.000374278
-0.000266629
-0.000285435
-0.00126094
0.000128412
-0.000164676
-0.00061008
0.000633896
0.00277442
-0.000920158
0.0010135
0.00218795
-0.000302009
-8.60548e-05
-0.000735827
-0.00283282
0.00047249
-0.00226535
-0.00110946
-6.59187e-05
-9.78404e-05
4.70255e-05
5.05524e-05
0.000735797
0.00288573
-0.0046163
-0.00204915
0.00284025
0.000123489
-9.87401e-05
0.000714162
0.00158965
-0.00077181
-0.00224029
0.000353597
-0.000407967
0.0010088
-0.00106333
0.000637763
0.00233508
-0.00145265
-0.000935029
0.00216106
-0.00107823
0.000280591
0.0077412
0.000564497
0.000452041
0.00231392
-0.000811819
0.000253283
0.00152601
0.00252415
-0.00127732
-0.000678873
-0.00133827
-0.00125095
0.000943962
-0.000741119
0.000253874
4.92246e-05
0.000543705
-0.00365575
0.00152984
-0.000162013
0.0010173
0.00301383
-0.00223626
-0.00687425
0.00266478
0.000671961
3.2774e-06
-9.41672e-05
0.00033105
0.000970331
0.000835195
0.000751726
0.000878166
0.00231264
-0.00036525
0.000452192
0.00229658
0.000830768
0.000506338
0.00425279
-0.000497609
0.000939597
0.00145237
0.00428605
-0.00040261
0.000335352
-8.05359e-05
-0.000429902
-0.0041839
-0.000425483
-0.000216974
-0.00133487
-0.00121902
0.000155361
0.00218201
-0.00261431
0.000227036
0.00217829
-0.00147533
-0.00105449
-0.00104421
-0.00176133
-0.000109955
0.00230921
-0.00267511
-0.000266984
0.00228658
-0.00237154
0.000461143
-0.00271281
0.00271771
0.000987375
-0.00130866
0.000633283
0.000749702
0.000935415
-0.00600593
-0.000205685
0.00271209
-0.00269045
-0.00354746
0.00241772
-0.000378055
0.000875232
0.00239645
-0.000808429
0.000926849
0.00214225
-0.000361496
0.00188489
-0.00222993
5.0295e-05
0.0015739
0.00110971
-0.000300361
0.000599409
0.000872405
0.00254928
0.00263975
-0.000499166
-0.00428157
0.00254347
0.00241735
0.00126761
-0.000602774
0.0011873
0.00148873
0.000774991
0.00091499
0.000743735
-0.0011984
0.00102416
-0.00195383
-0.000740384
0.000925055
-0.00123452
-0.000803412
0.000439041
-0.000765642
-0.00101269
0.000641359
-0.000484872
-0.00470011
0.000827443
-0.0030783
0.00350076
-0.0013457
-0.00285945
0.00331567
-0.000937205
-0.000379291
0.00121226
0.00148542
0.00111854
0.0013559
0.00013605
0.00187716
-0.00190527
-0.00150047
-0.000300617
-0.00146734
-0.00153146
-0.000378642
0.000593521
-0.000112275
0.00104642
0.000228433
0.00176492
0.000828222
0.000456514
0.00338054
-0.00111428
-0.00257936
0.00329042
-0.000728647
0.00119968
0.00169729
0.00162922
0.00177289
0.000224746
0.00142484
-0.00177023
-0.00134153
0.000296066
-0.000956232
-0.000975149
-0.00243979
0.000534436
0.000109641
0.00152054
0.000390653
0.000905577
0.00116645
-0.000460788
0.00328857
-0.000764949
-0.00260441
0.00318027
0.000854002
0.00163853
0.000627908
0.00103051
-0.000575136
0.00124813
-0.00221312
-0.00104472
0.000646338
-0.00116007
-0.000482853
-0.000658722
0.000453079
0.000234109
0.00116235
-0.000254479
0.00151372
0.00107522
1.73284e-05
0.00298733
-0.00138223
-0.00273461
0.00291104
0.00330906
0.00254727
0.00296288
0.00309392
0.00289859
0.00463112
0.00207069
0.00100608
0.00320619
0.00242608
0.000471865
0.00316429
0.00201131
0.000728771
0.00470803
0.00246512
0.00248647
0.000715787
0.00180178
0.00302015
0.00166128
0.00142151
-0.000400785
0.00243039
0.00165928
0.0022757
0.00223316
0.00115764
0.00104341
0.00127577
0.00101856
0.000864167
0.00196565
0.00154666
-0.00431772
0.00238779
0.000140506
-0.00238596
-0.00103759
0.00261353
0.00217488
0.000396034
0.00188696
0.00283331
0.00223844
0.00140435
0.000742706
0.000336312
0.000872229
0.000719065
0.00104557
0.000724056
0.00206066
0.000265054
-0.00312166
0.0018672
0.00109231
-0.000179966
-0.000662875
0.00259421
0.000493907
-0.000990857
0.00228354
0.0102653
0.00246184
0.00833116
0.000791976
0.000916844
0.00322575
0.00783382
0.00102026
0.00515245
0.002826
0.00150871
0.00251943
0.00118468
0.00228168
0.000201923
0.00128428
0.00450644
0.00169891
0.0011591
0.00308697
0.0141646
0.00515908
-0.000529768
0.00720287
0.0123655
-0.000688741
0.0126508
0.00622583
0.000366663
0.00407927
0.000800023
0.00241957
-0.000779383
-1.51721e-05
0.0110182
0.00588553
-0.000204501
0.00472621
0.00135491
0.0011415
0.00516276
0.00333156
0.00106366
0.00234421
0.00171855
0.000598016
0.00564891
2.1389e-05
0.00318879
0.000141103
0.00131539
0.00310885
0.00314108
0.000804583
0.00830654
-0.0015893
0.0167092
0.0230309
-0.00175566
0.011622
0.00749936
-0.000394748
0.00834231
0.000734568
0.00163907
-0.00207612
-0.00186282
0.024663
0.021963
-0.00206332
-0.00132281
0.0069516
0.00481914
-0.000898074
0.00707751
0.00921993
-0.00033794
0.00355784
-0.00100767
0.000671289
-0.000870276
-8.38826e-05
0.00586112
0.0115873
-0.000456903
-0.00145468
-0.00151009
0.00024337
-0.000530194
0.000131494
0.000786205
-0.000347879
0.00145165
0.000372756
0.000613035
0.00258762
-0.00115537
-0.00279861
0.00253043
0.00848793
-0.00151991
0.00696089
0.00418324
-0.00100759
0.0108392
-8.73389e-05
0.00161615
-0.00136311
-0.00141091
0.0142311
0.0265423
-0.00142257
-0.000908815
0.00874727
0.00501881
9.32512e-05
0.00336182
-0.000228649
0.00159486
-0.00100278
-0.00129567
0.0107216
0.00927589
-0.0013591
-7.60398e-05
0.000104657
0.000117294
4.36519e-06
0.000124654
0.000639877
-0.000655276
0.00252204
-0.00129435
-0.0025887
0.00243566
0.00771405
-0.000340393
0.00347807
0.000678123
0.00157853
-0.000587773
0.000302375
0.00852393
0.00690335
0.000144626
-0.00116418
0.00254756
-0.000359813
0.000466334
-0.000475244
0.000840766
0.00691841
0.00714122
0.000656922
-0.00173757
5.69819e-05
-0.00489667
-0.00356247
0.00248219
-0.0012757
-0.00207518
0.00209259
0.000967121
0.00223595
-0.000576507
0.000782048
0.00784348
0.0116373
0.000492547
0.00085402
-0.00125319
0.00202953
0.00030259
-0.00031446
0.00179837
-0.00110437
0.00184076
0.00221489
0.00118973
0.0013437
0.00258921
-0.00174096
-0.0024999
0.00233287
-0.000680527
-0.00225569
-0.000446486
0.0189648
-0.000951711
-0.00220897
0.00763188
0.0050091
0.00125922
0.000364506
8.66902e-05
0.00122561
0.00129913
0.000670992
0.0010126
0.00142814
0.00197955
0.00125026
0.00142918
0.00427288
6.90188e-05
0.00110862
0.000964992
0.00110517
-0.00213943
0.000217259
0.00256841
0.00156509
0.00124208
0.00169849
0.00147753
0.00995952
5.98664e-05
4.11417e-05
0.000503469
7.26572e-05
0.000230252
0.000491542
-0.000359481
0.00122339
0.00515732
-0.000463501
5.53779e-05
0.0143571
-0.000191051
0.000430683
0.00302782
-0.000606041
0.00358095
-0.000274335
0.0122023
-0.000873483
-0.000122818
-0.00013997
-0.00078461
0.000637342
0.000862872
0.00107223
0.00124904
0.00119449
0.000937392
0.00133396
0.000967374
0.00149492
0.00113339
0.00134968
0.00626254
-0.00010848
0.000195232
0.0011844
0.000466264
-0.000317298
0.000810861
0.00465845
0.00148404
0.00116715
0.00121262
0.00127277
-0.00158463
-0.00092014
0.00179331
0.00246899
0.000273038
0.00186611
0.000764383
0.00160692
-0.000586063
0.00191564
0.000873178
0.00197747
0.00139239
0.00118676
-0.00235363
-0.00233103
-0.00154183
-0.0013514
0.00237466
0.00143006
0.000794393
0.00215626
0.00186256
0.0013831
0.000535661
0.00188687
0.000247037
-0.000136134
0.000463732
6.06127e-06
0.000599651
0.000530998
0.000535383
-0.000249405
0.00567367
-0.00140049
0.00549937
-0.000594007
0.00448485
0.00150128
-2.61209e-05
-0.000249273
0.00146106
0.00216697
0.00176512
0.00223287
0.00182835
0.00115488
0.000849968
0.000439899
0.00106814
0.00249204
0.00179058
0.000682223
0.00470447
-0.000414941
0.00432397
0.000410081
0.00540175
0.00128509
0.0017705
0.00050075
0.00124591
0.00174498
0.000314708
0.000268775
0.00178395
0.000942231
0.00150717
-0.000445214
0.00151002
0.00264242
0.00131332
0.00218448
0.00104697
0.000237783
0.00107689
0.000568092
0.0021736
0.00151684
0.00120984
0.00207087
0.00232651
-0.0012479
0.000899774
0.000975195
0.000158666
9.09318e-05
0.00112438
0.00400317
0.00195835
0.00226629
0.000629642
0.00116946
0.000939685
-0.000145326
0.00180433
0.00112717
0.000148718
0.00175105
0.000876649
0.000297269
0.000777434
0.000166462
0.00104415
0.00152947
0.00411537
0.00116488
0.00358839
-0.000487679
0.00884592
0.00162854
0.00347682
0.00158874
0.00152398
-4.21114e-06
0.00063293
0.000396052
0.00111839
-0.000673877
-0.00132569
0.000954585
-0.000446638
0.000602118
0.00129091
0.00041999
-0.00072187
0.00139808
-0.00138683
0.00221467
-0.00179668
-0.00143112
0.0020983
0.0016227
0.000205339
0.00120807
0.00109993
0.000155281
0.000409619
0.000825387
-0.000366023
-0.00122813
-0.000165713
-0.00142816
0.00220286
0.00035964
-0.000600312
0.0019525
0.00103536
0.000600049
0.00286511
0.0010265
0.00201477
0.00191846
0.000986621
-0.00152995
0.000748296
0.00236382
0.00115566
0.000746395
0.00113462
0.00104251
0.000866877
0.000382601
-0.000254299
8.75402e-06
1.66894e-05
-0.00316832
-0.00345483
0.000334503
-0.00259149
0.00272458
-0.00191793
-0.00510139
0.00238385
0.000767408
0.00123741
0.00105371
0.00119148
0.000799659
-0.00221979
0.00093202
-0.00136541
0.00216873
0.000815254
0.000380612
0.00207261
0.000671866
0.00106514
0.00456874
-0.000129143
0.00501793
0.00122108
0.00880057
0.000482165
0.000392419
0.000537957
0.000497887
0.00318699
0.00311991
5.52813e-05
0.00664518
0.000671805
0.00155457
0.00123208
0.00163303
-0.000325333
0.00123662
0.00155355
-9.87108e-05
0.00321508
-0.000146623
0.00111301
0.00116045
0.000620417
-0.000107938
0.00108191
0.000636466
0.00925672
0.00422201
0.0128637
-5.46199e-06
0.00172465
0.000477422
0.000272483
-0.000915185
-0.00213927
-0.000389846
0.0020789
-0.000381456
-0.00241885
0.00166739
0.00369836
0.0192354
-0.00282991
0.00336883
-0.00220163
-0.00225294
0.00329408
0.00133873
0.00027766
-0.000268752
0.00118927
-0.00235531
0.000808913
-0.00174953
-0.00180505
0.00140789
0.00211901
-0.00063343
-0.00244688
0.00142456
0.00205503
0.0150564
-0.000823041
-0.000288208
0.000600438
-0.00040875
0.000730379
-0.000971245
0.000217268
0.00096397
0.00920634
-0.000835865
0.000104697
0.0121449
0.000895078
-0.000407685
0.00221233
-0.000777754
0.00169265
0.000542972
0.00666828
-0.00112405
-0.000371457
-0.000756257
-0.00107869
-0.000795993
0.000357422
0.00104406
-4.40327e-05
0.000670998
-0.000549639
0.000281884
-0.00019478
0.00962428
-0.000802511
0.000816952
0.00781198
-0.000130366
-0.000810847
0.00291813
-0.000592136
0.000729333
0.00131803
0.00623816
-0.000914843
-0.000629985
-0.000835081
-0.000918503
-0.00178905
-0.00194885
0.00153273
0.000937334
0.000783216
0.000816867
0.00117871
0.000193898
-0.000989829
0.00113643
-0.000151332
0.00137231
0.000143138
-0.00082685
-0.00401377
0.000890323
-0.00323491
0.00026571
0.00262076
-4.04138e-05
9.04346e-05
0.00240907
-0.00330224
0.00133473
0.000469723
-0.000377702
0.000580633
-0.000153912
0.000127253
0.000792585
0.00102601
0.00190161
-0.000470833
-0.00100322
-0.00192465
-0.0040661
-0.00147349
-0.00507509
-0.000302058
0.00243642
-0.00165326
0.000548639
0.00210907
0.000955093
0.000116481
-0.000170123
0.000927861
0.000122254
0.00220143
0.000793312
0.00029805
0.00225921
0.000838794
-0.000640014
-0.000480207
-0.00238438
-0.000382252
-0.00337765
0.00141211
0.00172549
-0.000643051
0.000665982
0.00168665
-0.000926701
-3.48888e-05
-0.000560392
0.00150187
-0.000764791
0.00186101
-0.000759707
0.000663886
-0.000765861
0.000302986
0.00101635
0.00141102
0.000431397
0.00106449
0.000726637
0.0024972
-0.000202731
0.00167125
0.00246472
0.000398774
-0.00173327
-0.000434794
0.000990797
0.000690814
-0.00115762
0.00212596
-0.00309998
-0.0017228
0.00119405
0.000391777
0.000106374
0.000387825
0.000636767
0.0022752
-0.0019613
0.00104244
0.00228815
3.90099e-05
0.000718122
-0.000816078
0.00131617
0.000931338
0.000765453
0.000150666
-1.22783e-06
-0.000443788
0.000188208
-0.000328967
-0.000344184
0.00077508
0.00262268
-0.00118201
0.000869025
0.00199904
2.17322e-05
-0.000527761
-0.000626692
-0.00251439
0.00116928
-0.0022881
-0.00151102
0.000800491
-0.000398034
-1.25969e-05
3.96631e-05
0.000566794
0.00279052
-0.00455007
-0.00180357
0.0027375
0.000299586
-6.61523e-07
0.000719834
0.00150335
-0.000879191
-0.00211208
0.000401198
-0.000761653
0.000393407
-0.000305239
0.000283118
0.00233434
-0.00120552
-0.000661109
0.00215867
-0.00084414
0.000893477
0.00698143
0.000862043
-0.000293823
0.00281349
-0.00105884
-0.000314088
0.0001943
0.00345349
-0.00122135
-0.000569775
-0.00114996
-0.00120585
0.00109546
-7.97889e-05
0.000681327
0.000477691
0.000873247
-0.00324795
0.00132976
-0.000156384
0.00067109
0.00282137
-0.00146853
-0.00599157
0.00248451
0.000799707
-0.000326645
-0.000220501
0.000791444
0.000878759
0.000880218
0.000427037
0.000775923
0.00226104
-0.000145532
0.000605311
0.00223589
0.00133526
0.000782991
0.00428534
-7.62238e-05
0.00320774
0.00190849
0.00629741
-2.48447e-05
0.0001989
1.15139e-05
-6.68474e-05
-0.00383129
0.000337216
-0.000114325
-0.0014252
-0.000316744
0.000230085
0.00205436
-0.00312611
-9.75587e-06
0.00204281
-0.00040018
-0.000894621
-0.000810802
-0.00107441
0.000466225
0.00224659
-0.00313729
3.94773e-05
0.00221422
-0.00220435
0.000596628
-0.00253432
0.00357717
0.00118912
-0.00140447
0.000640426
0.000955129
0.000925222
-0.00565678
8.31577e-05
0.002601
-0.00236791
-0.00308452
0.00231873
-0.000722369
0.00125131
0.0023053
-0.000615136
0.00104331
0.00212678
0.0011099
0.00190604
-0.00213697
0.000105715
0.00160248
0.000676906
-0.000354465
0.000600296
0.000524242
0.00234775
0.00240717
-0.000461253
-0.00320905
0.0023351
0.0021909
-0.000934604
-4.64435e-05
0.00164324
0.000209711
0.00149498
-0.00164701
-6.43427e-05
0.000277717
0.0085299
-0.000936471
0.0010131
0.0186695
-0.000180587
-0.000326344
0.00253824
-0.000659194
0.00225809
0.000129495
0.00707819
-0.00163977
-0.000519574
-0.000917918
-0.00143624
-0.00230625
-0.00209787
0.00209347
0.00124298
0.000359137
0.00176792
0.00127593
0.000579481
-0.00054173
0.00124249
-0.00166272
0.00089911
0.000213283
-0.00103499
-0.00386368
0.000646129
-0.00281367
0.000101105
0.00259348
0.000737006
0.000171928
0.00236615
-0.00363088
0.00189349
0.000285044
0.000194833
0.000687449
-0.000203396
1.30545e-05
0.000787486
0.00111704
-0.000315185
-0.000327492
-0.00107877
-0.0027636
-0.00435637
-0.000165025
-0.00648922
9.26561e-05
0.00252693
-0.00159325
0.000522673
0.00218252
0.00137441
0.000977309
0.000452268
0.00144216
-0.000141344
0.0011042
0.00105568
0.00107855
0.00110928
0.000202043
-0.000386048
-0.000665864
-0.00223035
0.00116707
-0.00277966
0.000943405
0.00192451
-0.00014137
0.000810648
0.00193311
-0.000897406
0.000203805
0.000497607
0.00194812
0.000222084
0.00237299
-0.00136342
6.19963e-05
0.000254508
0.000465458
0.00134937
0.0016515
0.000382972
0.00150901
0.000128072
0.00242554
0.00046427
0.00183607
0.00237718
0.000788188
-0.00138668
0.000483246
0.000469139
0.000960212
-0.000603215
0.00149479
-0.00185584
-0.00142413
0.00114386
0.0010244
-0.000315325
0.000738659
-0.000197385
0.00210543
-0.000870596
0.0013328
0.00210437
0.000308802
0.000947672
0.000148568
0.00126936
0.000634169
-0.00109113
0.000248196
-0.000119495
4.12462e-05
0.00023423
0.00047979
-0.000574474
0.00081544
0.00248941
-0.000852164
0.000906066
0.00185849
-9.5406e-05
5.91195e-05
-3.61786e-05
-0.00256332
-0.000254712
-0.00174169
-0.00119517
0.00117051
0.000190644
-6.48622e-05
0.000746644
-0.00032176
0.00263125
-0.00417012
-0.00160393
0.00256477
0.00162949
0.000191779
0.00101146
0.000265336
0.000187848
-0.000961869
0.0011701
-0.000624995
0.000305512
-0.000181117
-8.02087e-05
0.00221136
-0.000360279
-0.000798656
0.00202284
-0.000332501
0.000323715
0.0109612
0.000871067
0.000815073
0.00129674
-5.2447e-05
0.000772956
0.000514136
0.00298507
-0.000387651
0.000199145
-0.000103268
-0.000407546
0.00180397
-0.00251691
0.000725178
0.000182598
0.000990923
-0.00299652
0.000851421
9.46529e-05
0.000139031
0.00264011
-0.00129802
-0.00499719
0.00229407
-0.000551785
4.07222e-05
-6.7152e-05
0.000936057
0.00102285
0.000422616
0.000819824
-8.78239e-05
0.00215929
-4.65797e-05
0.000899923
0.00211993
0.00100616
0.000598072
0.00461733
-0.00218632
0.0054425
-0.000590979
0.0121373
-0.00270443
-0.00115853
-0.00168755
-0.00263099
-0.00307041
0.000947735
6.96418e-05
-0.000845862
-0.000226709
-0.000107
0.00197797
-0.00136372
0.000525827
0.00195163
0.00029878
-0.000744322
-0.00046891
-0.000941905
5.13419e-05
0.0019367
-0.00230026
-0.000141213
0.00189544
-0.00193063
0.00279427
-0.00397131
0.00393358
0.00131375
-0.000602355
0.00100035
0.000994322
0.000420163
-0.00557575
-0.00118006
0.00253793
-0.00213259
-0.00319239
0.00217523
0.000441148
0.00433099
0.00160377
-0.000543008
0.000397432
0.00156796
-9.87696e-05
0.00212035
-0.00128662
0.000368077
0.00180007
-1.38775e-05
-0.000841533
-0.000458379
-9.29139e-05
0.00215728
0.00228053
-0.00053259
-0.00286051
0.00213472
0.00205511
-0.0026373
-0.0031926
0.000786665
-0.000141665
0.000554876
0.00047925
-0.000122277
0.0008391
-0.00124631
0.000733536
-0.000195594
-0.000103819
-0.000696438
-0.00204518
-0.00472421
0.000548224
-0.00414369
-0.000292746
0.00249925
-0.00033812
0.00010441
0.00230231
-0.00451606
0.00130807
0.000670759
-0.000331939
0.000665935
-0.000335418
0.000351537
0.000907224
0.0012338
-0.00028565
-0.00054791
-0.0013139
-0.00356642
-0.00410258
-0.00107649
-0.00660778
-0.000391846
0.00253233
-0.00150668
0.000775954
0.00222134
0.000672
0.000261144
-0.00034264
0.000635945
-0.00054239
0.000737648
0.000490878
0.000110236
0.00202134
-0.000211887
-0.00125533
-0.00163077
-0.00295525
0.000329669
-0.00378227
0.00061843
0.00175749
-0.000568718
0.000657589
0.00179126
-0.00198534
-0.000845908
-0.000851156
0.00117697
0.00102857
0.00122218
-0.000991393
0.000594171
-0.000426259
0.00043188
0.000442827
0.00115617
0.00023918
0.000812167
0.000577885
0.00223906
-0.000522465
0.00118155
0.00221464
-0.00014588
-0.00195492
-0.000846307
0.000881839
0.000549757
-0.000864819
0.001052
-0.00411815
-0.00208521
0.00102682
0.000488384
4.43192e-05
0.000199957
0.000713282
0.00210169
-0.00231953
0.000138418
0.00211852
3.12929e-05
0.000464666
-6.30536e-05
0.00146236
0.000715261
-0.00124541
-0.000549779
-0.000369611
-0.000871257
-0.000135718
-3.49144e-05
-0.00028495
0.000555009
0.00257893
-0.00107275
0.000949763
0.00185826
3.16957e-05
0.000509297
-0.00109844
-0.00263403
0.000367331
-0.00280352
-0.001719
0.00052761
-0.000221349
6.97225e-05
0.000411485
0.000269983
0.00269091
-0.00503114
-0.00216796
0.00264301
0.00103577
-6.34228e-05
0.000861665
0.00025703
-0.00190341
-0.00307087
-0.000497377
-0.000580593
0.00018758
-0.000928727
0.0004114
0.0023812
-0.00142479
-0.000794533
0.00221461
0.000204276
0.00080289
0.00794665
0.000443773
0.000859085
0.00133285
0.000341136
0.000413524
0.000633657
0.00314611
-0.000100473
0.00016527
0.000135859
-0.000106657
0.00128345
-0.000957049
0.000434714
8.69952e-05
0.000844594
-0.00333704
0.00116863
0.000180966
0.000415882
0.00251496
-0.0021675
-0.00564122
0.00220339
0.000808839
-0.000267132
-9.15331e-05
0.00071297
0.000775133
0.000305485
0.000833888
0.000672052
0.00193828
-0.000983644
0.000391455
0.00192235
0.000323723
-0.00070017
0.00244202
-0.00128526
0.00296975
0.000764541
0.00627836
-0.00128917
-0.000230166
-0.000619374
-0.00115702
-0.00518545
-0.000390152
-0.000155063
-0.00123595
-0.00108006
5.75929e-05
0.00224785
-0.00287406
-3.58866e-05
0.00223318
-0.00138143
-0.00108397
-0.000629464
-0.00183409
-0.000306022
0.00232538
-0.00301151
-0.000177044
0.00229335
-0.00208225
0.000985785
-0.00416646
0.000917185
0.00155033
-0.000804008
0.000991089
0.00125669
0.000526245
-0.00587825
-0.000498533
0.00249457
-0.00235614
-0.00302086
0.00216414
2.48448e-05
0.00188497
0.00224993
-0.000687179
0.000819717
0.0019501
-0.000194573
0.00207936
-0.00171679
0.000276749
0.00178909
0.000729496
-0.000295498
0.000145367
0.000591487
0.00226947
0.00228348
-0.000506203
-0.00347581
0.00225915
0.0020817
0.028248
0.00141277
0.00365657
0.00895578
0.0056708
0.00942425
-0.00167573
0.00397816
0.00163917
-0.00245467
0.00555354
0.00871701
0.0185517
0.027758
0.00232034
0.0340935
0.000521355
-0.000385151
0.0104457
0.00373414
-8.37478e-06
0.000809862
0.0028589
0.00672525
0.00292215
0.00849129
-8.81914e-05
0.00578818
0.000371161
-0.00238293
0.00623448
0.00854763
0.0190984
0.028769
0.00105303
0.031756
8.61642e-05
-0.00174199
0.00928632
0.00295692
-0.00137203
0.00552812
0.00236045
0.00410642
0.00164924
0.000985145
0.000373687
0.00253722
0.00107638
0.0036459
0.00230973
0.00113484
-0.000220832
0.0010803
0.00168044
0.00106946
0.00161569
0.00242955
0.000788082
0.00142562
0.00376435
0.00505595
0.00222379
0.000510883
0.00116703
0.00240221
0.000700679
0.00557219
0.00391922
0.00234403
0.00334655
0.00223312
0.00503746
0.000998052
0.00100216
0.00528977
0.0017909
0.000862412
0.00257629
0.00424948
0.000513041
0.00267606
0.00133217
0.000203451
0.00223106
0.00351371
0.00686602
0.0101285
0.000214638
0.0118134
2.23429e-05
0.00116711
0.00385431
0.00204359
0.000412345
0.00206335
0.000581061
0.00413007
0.00421969
0.0010767
0.00486451
0.00326996
0.00258987
0.0065126
0.00104069
0.00509338
0.000591661
0.000775571
0.00664571
0.00260292
0.000594161
0.000224988
0.00325351
0.000698892
-0.000333425
0.00594099
0.00870653
0.00498814
0.0128091
0.000477508
0.00880375
0.000514571
0.000533189
0.00583518
0.00267198
0.000248623
-0.000779973
0.000618117
-0.000265604
0.00064549
0.000363933
-0.000334664
-0.00291664
0.00117792
-0.00270666
-0.000190193
0.00171162
0.000124867
-0.00033015
0.00155968
0.00101512
-0.000803581
0.00167822
0.00263734
5.11488e-05
0.0196282
0.00153711
0.00602886
-0.00023999
-0.00014507
0.00554111
0.0103807
8.1713e-05
0.000253653
0.00276225
0.00160594
0.000520051
0.00062979
0.00092047
0.00106451
0.00110443
0.00143018
0.00299507
0.00233834
0.00118415
-0.000185091
-0.000760364
-0.00154445
-0.00389932
-0.000397336
-0.00311823
-0.000394451
0.00195421
-0.000573016
5.63802e-06
0.00177137
0.00640163
0.00385472
0.00536813
0.00141591
0.0066016
0.000124266
0.000173885
0.00435441
0.00104703
3.33447e-05
0.00427899
0.01129
0.00156254
0.0106798
0.000225721
-0.000163414
0.00616329
0.0015889
4.19184e-05
0.0128879
0.000642022
0.0236432
0.00169574
-0.000201585
0.00399098
0.00049417
2.72811e-05
0.000105769
0.0367971
-0.000853542
-0.00215989
0.0153377
0.0144865
-0.00111179
0.00173739
-0.000680026
0.00122831
0.00147465
0.000407034
0.000933258
0.000981988
-0.00188972
0.0129794
0.00440786
-0.00131618
0.00155493
0.000156316
-1.62678e-06
0.00152645
-0.000303669
0.00034474
-0.000354988
0.00514854
-0.000202921
0.000533307
0.00110069
0.00408028
0.0141924
0.00345504
0.00925247
-0.00274011
0.00231781
-0.000659422
-0.00367431
0.0092523
0.0155306
0.0507906
0.0295263
0.00735976
0.0561084
0.00824216
-0.0022115
0.014995
0.00147474
-0.00211882
0.00445444
0.00192698
0.00154176
0.000636529
0.00109516
0.00112999
0.00103239
0.000925039
0.00255752
0.00167132
-0.000930007
-0.0015274
0.00106667
-0.00217096
-1.36233e-05
0.00195554
0.00229799
0.00130488
0.00145032
0.00440114
0.00334592
0.00255412
8.13775e-05
0.0013778
0.00182316
8.1701e-05
0.00652818
0.00553778
0.00262702
0.000945475
0.00204467
0.0033256
-0.000260264
0.00164944
0.00609595
0.00128619
0.000986523
0.00502279
0.00510875
-0.000237905
0.00118053
0.00156379
-0.000294706
0.00603247
0.0077362
0.0164644
0.00884889
0.00319911
0.017998
0.00243679
0.000753967
0.0098348
0.000921796
-0.000282043
0.00180318
-2.81034e-05
0.00155576
0.00171168
7.01825e-05
0.00194007
0.00268577
0.00171854
0.0053094
0.000621156
0.00659768
-0.000779938
0.00128636
0.00536244
0.000479264
0.000857312
-0.000437827
0.00181045
0.000229838
-0.000905119
0.00596323
0.00974356
0.00525265
0.00778266
0.000213993
0.0114423
-0.000981347
0.00112789
0.00693796
0.00146849
0.000455875
0.000653522
0.000494878
8.70621e-05
-0.000580306
-0.00135989
-0.00250047
-0.00319384
-0.000649877
-0.00391297
0.000146924
0.00199045
-0.00110107
0.000278564
0.00173437
0.00108266
0.000575126
0.00182171
0.000925615
-0.0036604
0.00771738
0.000570954
0.00196518
-0.000946456
0.00192182
0.00105788
0.00171658
0.00124475
0.000445589
0.00130382
0.000837661
-0.00231023
-0.000311623
-0.000566471
-0.00215225
-0.000886485
0.00194517
0.00123844
0.00114632
0.00152237
-0.00115851
-0.00123798
-0.00231758
-0.00369709
-0.000581583
-0.00542612
-0.000637932
0.00191258
-0.00141186
0.000215951
0.00170408
0.0104809
0.00855845
0.00390571
0.0011069
0.0110082
0.000718753
0.00089431
0.00532254
0.000617582
0.000444552
0.0154155
0.00874463
0.00289757
0.0209917
0.00122385
0.000233242
0.0100335
0.000613921
4.1435e-06
0.0271115
0.0080017
0.0767603
0.0230934
-0.00419715
0.015551
-0.00248011
-0.00213076
0.00186926
0.0538839
0.0051131
-0.00174055
0.0151812
0.00727621
-0.00100058
0.00833339
0.00341155
-0.00105722
0.00270881
1.87398e-05
-0.00048224
0.0153205
-0.00587833
0.024071
0.00351933
-0.00382214
-3.22934e-05
0.00293112
-0.000453473
0.00128825
-0.000346301
0.00145615
-0.000280345
0.00103213
-0.000525039
0.00161813
0.00415374
0.00228045
0.0024416
0.000699806
-0.000155136
0.00080654
0.00151761
0.000652964
0.00133059
0.00107725
2.50458e-05
-0.000438597
0.00137676
0.000610085
0.00091689
0.00168108
0.0021572
0.00121413
0.00134708
0.00383566
0.00300393
0.00221317
8.58645e-05
0.000910851
0.00147105
0.000292196
0.00490446
0.00285547
0.00314608
0.000689424
0.00247303
0.00384049
0.000573789
0.00127778
0.00433372
0.00089156
0.000921973
0.00230595
0.00470529
-5.36133e-05
0.00151296
0.00107649
0.000147015
0.00418576
0.00565536
0.0120944
0.00672724
0.00244319
0.0130347
0.00166878
0.00142022
0.00607096
0.000837986
0.000598333
0.00140909
0.000747767
0.00123327
0.000660859
0.000761649
0.00141142
0.000667948
0.000363829
0.00233692
0.000970434
0.00245084
0.000168988
0.00179623
0.00183069
-7.63474e-05
0.00145021
-0.000453691
0.00173281
-0.000521684
-0.000719601
0.00520169
0.00766326
0.00689578
0.00712028
0.000576045
0.00963015
-6.00467e-05
0.00119658
0.00510189
0.000466375
0.000688151
0.000337131
0.0001505
0.00142533
0.000849653
-0.000486767
-0.000289053
-0.00173155
0.000396111
-0.0028024
0.000536482
0.00111194
-0.000169796
0.000119731
0.00109786
0.000558334
0.000449917
0.000484276
0.000469805
-0.00210978
0.00588214
0.000923166
0.00213122
-0.00018561
0.00190684
6.42296e-05
-0.000122537
0.00145165
0.0005056
0.00106411
8.29049e-05
-0.000712947
0.000108799
-1.49366e-05
-0.000952806
-0.000256795
0.00179906
0.000878407
0.000949931
0.00146266
-0.000794584
-0.00137311
-0.000992283
-0.00271019
0.000275547
-0.0025949
0.000898576
0.00119875
-0.000544571
0.000282153
0.00122559
0.00650949
0.00842538
0.00412037
0.00173858
0.0089133
0.00162387
0.000669206
0.00356495
-0.000289455
0.00043936
0.011645
0.00656955
0.00140789
0.0159527
0.00162383
0.000617419
0.0069676
-0.0002613
0.00031519
0.0156189
0.00400911
0.0464006
0.0147313
-0.00312932
0.00907353
-0.00292163
-0.00249183
0.00124668
0.0337258
0.000362757
-9.10309e-05
0.00884863
0.00380952
-0.000154812
0.00358359
0.00258832
0.000392248
0.00214981
8.6688e-05
0.000232785
0.00799393
-0.00250691
0.0142108
0.00113436
-0.00207514
0.000202425
0.00117714
-0.000212209
0.000526151
0.000758691
0.00163745
-0.000381317
-0.000354062
0.000393815
0.00134813
0.0095677
0.0267489
0.00919593
-0.00211121
0.00281822
0.0218905
-0.0011843
0.0308857
0.01943
0.0035309
0.00460077
0.0080906
0.00525245
4.74821e-05
-0.00195997
0.0240278
0.0053142
-0.00229316
0.00543109
0.00163608
-0.000507458
0.000835364
0.00449762
-0.000669813
0.005571
0.00385121
0.00208346
0.00230224
0.00276466
0.0030048
-6.35665e-05
0.000234197
0.00655959
0.00165599
-0.000676834
0.00620808
-0.000493919
0.00249732
0.0171592
-0.000198576
0.0154876
0.00942847
0.00121661
0.00367621
0.00364058
0.00227163
6.98583e-05
-2.21144e-05
0.0147943
0.00352328
-0.000310316
0.000590018
0.00024158
0.00296233
0.00139769
0.00696661
0.00594018
0.00119985
0.000662864
0.00196417
0.000786638
0.000712237
0.00147775
0.00623229
0.000962685
0.00117739
0.00100043
-0.000911717
0.000314993
-0.000659286
0.000436105
7.45122e-05
0.000988604
0.000129566
0.000336688
0.000336843
0.00196925
-1.90537e-05
0.00111382
0.00195482
0.00154409
0.00110233
0.00130001
0.000506631
0.00151181
0.000101624
0.000407753
0.000554405
0.000455658
0.00144237
0.000838138
-0.00165353
0.00121695
-0.00115055
0.013631
0.00835112
0.000870148
0.0020246
0.00162832
0.000719401
-0.000290679
-0.000716621
0.0120459
0.00288436
-0.00104546
7.21878e-05
-0.000184688
0.000838665
0.00060535
4.91785e-05
0.000501004
0.000468113
0.00168742
-0.000123259
0.000989413
0.00165308
0.0140425
0.00146934
0.00300531
0.00742267
0.00314615
0.000227963
-0.000237449
0.0176442
0.00365076
-0.000365381
0.00110537
0.000918862
0.00423269
0.00198648
0.000568529
0.00062521
0.0124551
0.00212782
0.00032617
-0.000342911
0.00104492
-0.000946716
0.000144404
0.00152417
0.00199846
0.000894326
0.00101921
0.000478209
-0.000711218
-8.38649e-05
0.00133635
0.00237596
-6.27329e-06
0.00102523
0.000897584
0.0012069
0.00101132
0.00447844
0.00040496
0.000860053
-0.000864017
0.00130694
0.00246834
0.000958844
0.00102282
0.0015147
4.20833e-05
0.000698121
0.0013384
0.000198317
0.00126125
-0.000557925
0.00253077
-0.000145194
0.000992611
0.00885618
0.00376143
-5.45707e-05
0.00213614
0.00377705
-0.000148211
0.0114408
0.00776402
0.00451962
0.00369907
0.00460451
0.0049784
0.000800022
0.000542543
0.0104255
0.00275637
-0.000206071
0.0126252
-0.00159446
0.00535443
0.0234558
-0.00146745
0.0356153
0.0206004
0.0012424
0.00633997
0.00587635
0.00402863
-0.00206953
-0.0021963
0.030159
0.0106625
-0.00239916
0.000627627
4.07964e-05
0.00702984
0.0010541
0.0226445
0.0181795
0.00200784
0.0019346
0.00329268
0.00289034
-0.000181634
-0.000360141
0.0140287
0.00396192
-0.000788618
4.40822e-05
-0.000516593
0.00143539
-0.00266783
-0.0010663
0.00041601
0.000613696
-0.000354818
-0.000118835
0.00108011
0.00160497
-0.00166671
0.000131567
0.00163174
0.00239953
-0.000130083
0.00306257
0.00207017
0.000286597
0.00259293
0.000959132
0.000797971
6.14266e-06
0.00101097
0.00530335
0.00215582
0.000624268
-0.000468226
0.0232493
0.0128185
0.000661178
0.0023872
0.00216649
0.00151417
-0.00101298
-0.00176765
0.0161067
0.00577927
-0.00197182
-0.00230514
-0.00152662
-0.000152583
0.000145675
-0.00038217
-0.000189215
0.000544878
0.0015582
-0.00164729
0.000180726
0.00155932
0.0406928
0.00547538
0.00566223
0.0136493
0.00608174
-0.00030841
-0.0032384
0.0352472
0.0086328
-0.00380768
0.00325673
0.00397745
0.00838999
0.00491214
-3.53819e-05
-0.00106349
0.0243494
0.00604245
-0.00169665
-0.000482708
0.00225293
0.00185666
-0.000152553
0.00108345
0.00316394
1.25435e-05
0.000621019
0.000855642
0.00203736
-0.000812418
0.000832192
0.00761408
0.00321706
0.000427666
0.0022469
0.000138647
0.00050777
0.00813228
0.000970718
0.00039871
-0.000642728
0.000698273
0.00643182
0.00144686
0.00045813
0.00150202
-0.000874187
4.31064e-05
0.00135506
-0.00145668
0.000764037
-0.000381753
0.010364
-0.00200591
0.000401694
0.00325112
-0.000202862
0.00394114
0.00552412
-5.39032e-05
0.00848547
0.00651482
0.00259668
0.00466158
0.00193104
0.00518024
3.72588e-06
0.000295849
0.0122578
0.00400883
-0.000485293
0.000565196
0.00164684
0.00055632
0.000193406
0.00349735
0.00680733
0.00384205
0.00670627
0.00106801
0.00677402
0.000325717
0.00120592
0.00651355
0.00226002
0.000782413
0.00106036
0.00018772
4.94184e-05
-0.000163186
-0.000241139
-7.51819e-05
0.000220367
0.00037169
-0.000497408
0.000889319
0.00213543
-0.000724917
0.000799358
0.00158062
0.00178843
0.000817527
0.00110691
0.00133278
0.000212525
0.00586066
-0.000654269
0.00208148
-5.23302e-05
0.00105679
0.00227028
0.00319808
0.000387286
0.00039792
0.00326505
0.00207157
0.00118836
0.00173437
0.000364596
0.00112063
0.000167592
0.00101868
0.00417465
0.0018844
0.000392995
-0.000212516
-0.000449335
-0.000551494
-1.74503e-05
0.000301036
-0.000603091
0.000661121
0.00204791
-0.000775403
0.0007993
0.00140811
0.0104915
0.00574984
0.00394708
0.00595809
0.00632984
0.00126814
2.10316e-06
0.0100657
0.00216808
-0.000659353
0.00666342
0.00518773
0.0039351
0.00784378
0.00084444
0.000388434
0.010833
0.00164954
-0.000416613
0.00503108
0.00326219
0.0160071
0.00330485
0.000810717
0.00792388
-0.000260196
-3.38556e-05
0.000384893
0.0122004
-0.000686339
0.000517446
0.00639673
0.00413683
-0.000257602
0.00246526
0.002259
-4.7007e-05
0.00517809
-0.00038968
-0.000517086
0.00116435
0.000186088
0.0100303
0.00165248
-0.00067075
0.00108962
0.00198449
-0.000315091
0.000392868
-2.93967e-05
0.0010833
-0.00127595
0.00259252
-0.00108767
0.000381516
-9.63681e-05
0.00303959
0.00849227
0.000421772
0.0160617
0.0152722
0.000860922
0.0027091
0.00241604
0.00118304
-0.000396284
-0.000370954
0.0152333
0.0068908
-0.00063929
-0.000891392
-0.00162464
4.37238e-05
-0.00118737
-0.000502592
6.93813e-05
-0.000303521
-2.06179e-05
-0.000139958
0.000404472
0.00210345
-0.00351804
-0.00188966
0.0020745
0.00729389
-0.00115269
0.00594597
0.00151956
-0.000439497
0.00782683
-0.000549643
0.0012448
-0.000522004
-0.000666895
0.0152767
0.0175971
-0.000915155
-0.00188997
0.0235763
0.0153262
0.000129083
0.00541451
0.00253857
0.00114448
-0.00195346
-0.00247846
0.0254887
0.0130215
-0.00264081
-0.00207187
-0.00122157
0.000567012
-0.000179854
-0.000644816
0.000298902
-0.000175077
0.00207781
-0.00329311
-0.00191984
0.00202366
0.0319952
0.000156128
0.00433408
0.00588225
0.00156739
-0.00238385
-0.00280328
0.0355435
0.0119904
-0.00294771
-0.00021246
0.00422431
0.00377807
0.00269088
-0.000718295
-0.001452
0.026978
0.00795521
-0.00177826
0.000683122
0.001197
0.000457744
-0.00158434
0.00156289
0.00130504
-0.00128961
0.00111785
-0.000197253
0.00535522
-0.000746501
3.51435e-05
0.0142707
0.00793449
-0.000317921
0.00230894
-0.00146201
0.000527909
0.00437195
0.000121218
0.000378158
-0.000845804
0.0007319
0.00683136
0.00117919
0.000454185
0.00187126
-0.00309722
-0.00110052
0.00167956
-0.00455613
-0.00180911
-0.000150098
0.0263301
-0.00472966
-0.00194356
-0.000293395
0.000877776
0.0012533
0.000327418
-0.000253952
0.000376894
-0.000660211
0.000353627
-0.000927706
0.000306132
0.00169961
-0.000643398
-0.000756614
0.00157139
0.000324869
-0.000108288
0.00260978
0.00317948
-0.000407762
0.00510473
-5.73335e-05
0.00137253
0.000172684
0.000752607
0.00372163
0.0094861
0.000508719
0.00137751
0.00794196
0.00680656
-4.18408e-05
0.00101869
0.000214812
-0.000343587
-0.000276117
0.000461313
0.00606501
0.00164377
0.000190714
4.09033e-05
-0.00159532
-0.000532296
-0.000841668
-0.000438462
-0.000784763
0.000258924
0.00171733
-0.000925992
-0.000839004
0.00156443
0.0348326
0.00519079
0.00419165
0.00380398
0.00731895
-0.000723457
-0.00264307
0.017126
0.00673466
-0.002695
0.00680865
0.00927573
0.00413255
0.0102682
-0.00157719
-0.00294812
0.0212203
0.00781616
-0.00333651
0.00186654
-3.00756e-05
0.00607602
-0.000804887
0.00134218
0.00322231
-0.000942627
0.000601405
-2.47396e-05
0.00965867
-0.00090747
0.000473932
0.00789688
0.00565932
0.000159292
0.000766252
-0.00154556
0.000902283
0.0031062
0.000125721
0.000579644
-0.000783903
0.000493892
0.00764363
0.00144771
-4.82857e-06
0.00173924
-0.00118144
-0.000501756
0.00145671
-0.000821781
-6.42984e-05
-0.000323772
0.00877124
-0.00124046
2.7086e-05
0.000141902
-0.000232534
0.000156414
-0.00015378
0.000619506
-0.00244971
0.00105499
1.32989e-05
0.000454901
0.0021811
-0.00129065
-0.005361
0.0019191
0.00113522
-0.000194503
7.5191e-05
0.000171619
0.000817717
0.000400448
0.000283069
0.000381749
0.00148898
-0.000205808
-0.000125367
0.0014865
0.000870922
0.000398531
0.00183039
-0.000181056
0.000851934
0.000745323
0.00283113
-0.000192649
0.000410097
-0.000185115
-0.000213084
-0.00199503
0.00028809
4.68142e-05
-0.00030299
-0.00036977
0.000164447
0.00155251
-0.00160056
-0.000443218
0.00155573
-0.00013499
-0.000469133
-8.85747e-05
-0.00101949
0.000396966
0.00145231
-0.00151785
-0.000148343
0.00144423
-0.00142802
0.000165144
-0.00274906
0.00148862
0.0010241
-0.000608281
0.00056858
0.000784797
0.00068093
-0.00439196
2.08358e-05
0.00188457
-0.0015976
-0.00251068
0.00168203
0.000242717
0.000783543
0.00183133
-0.000617691
0.000809197
0.00163915
-9.89066e-05
0.00155586
-0.0014567
-3.27487e-05
0.00131724
0.000753876
3.13797e-05
0.000300578
0.000576543
0.00179324
0.00195969
-0.000425654
-0.00282537
0.00179412
0.00179183
-8.25838e-05
0.00343897
0.00105118
0.000774111
0.00158886
0.000358834
0.000726286
0.000651141
0.000659203
0.00386614
0.00302902
0.000465732
-0.000135174
0.000149715
0.000108061
-0.00289871
0.000407429
-0.000219478
-0.00027437
0.00218655
-0.0014461
-0.00475407
0.00197269
0.00256791
-0.000535159
0.00348733
-6.36365e-05
0.000365388
-0.000196652
0.000938713
0.00559885
0.00368604
0.000411164
-0.00134263
0.00425601
0.000689768
0.000976237
-2.38979e-05
0.000881318
0.0039873
0.0043333
0.000693551
-0.000887425
-0.000621028
-0.0030197
-0.00265874
0.00204605
-0.00187249
-0.00289698
0.00158788
-6.52658e-05
0.00986277
-0.00232585
-0.00163318
0.0114602
0.0263809
-0.00108855
0.00157663
-0.000900036
0.00151827
-0.000863903
-0.00178855
0.00114212
-0.00119549
0.000831785
0.00183808
0.00352986
0.000429327
0.00188231
-0.0012092
-0.00363378
0.00156689
-0.00125896
-0.00450494
-0.000404054
0.0252527
-0.00163801
-0.00343268
-0.000292091
6.97163e-05
0.00039662
0.000689861
-0.000212773
0.000346469
3.53945e-05
0.0015213
-0.000764522
0.00028475
0.00149322
0.0130933
0.000298878
0.00275112
0.00296699
0.000899994
-0.000599195
-0.000710289
0.0155009
0.00641506
-0.000828863
2.50392e-05
0.000849423
0.00203973
0.000131257
-0.000688109
0.000277973
0.0120424
0.00447042
-1.37684e-05
-0.00079663
0.000107121
-0.00301754
-0.00185346
0.00171899
3.2057e-05
0.000371471
0.00122378
0.000405608
-0.000528943
7.99209e-05
0.00105425
0.00400752
0.00231935
0.000764607
0.000210188
-0.000711326
0.00146395
0.00141393
0.00105463
0.00124425
-0.000944645
0.0014464
0.00091169
0.00170402
0.00117244
0.00167307
-0.000871173
7.67094e-05
0.00150381
-0.000435603
0.000548897
-0.000392979
0.00813722
-0.000628425
0.000168582
-0.00351709
-0.000652265
-0.00035366
-0.0012364
-0.000919295
0.000171078
0.00164534
-0.00220605
-0.000246195
0.00162164
-0.00102696
-0.000697424
-0.000913908
-0.0013263
-0.000467396
0.00170116
-0.0026017
-0.000147189
0.0016633
-0.00205874
0.00194068
-0.00307894
0.00324864
0.000708015
-0.00110665
0.000198626
0.000525008
3.97652e-05
-0.00495586
-0.000852905
0.00210704
-0.00209539
-0.00249546
0.00180987
0.000212124
0.0048285
0.00129549
-0.000700837
-0.000110669
0.00130762
-0.000552091
0.00158964
-0.00166874
0.000240324
0.00133109
7.56249e-05
-0.000568462
-0.000350742
3.42585e-05
0.00180847
0.00186347
-0.000447839
-0.00299435
0.00178765
0.00167879
0.00964174
0.00706763
0.010551
0.0116473
0.00153134
-0.00492202
0.0351277
0.0101284
-0.00500372
0.000468047
0.00254849
0.00847264
0.00229757
0.000190804
0.00338626
-0.00100262
1.48071e-05
0.00010122
0.00608804
-0.000918702
0.000521869
0.00655905
0.00413898
5.11794e-05
0.0017131
0.00118917
-0.000433818
0.00724159
0.00060139
-0.000602523
0.000681745
-4.65942e-05
0.00650845
0.000825348
-0.000208894
0.0010893
-0.000687592
-0.000814736
0.00108021
-0.002194
0.000352157
-0.000250204
0.01229
-0.00254053
0.000198893
0.0015998
0.000799666
0.0149914
0.00225243
8.50822e-05
0.00587786
-0.00160988
-0.00029661
0.00134424
0.0122872
-0.000945508
-9.66083e-05
0.00879517
0.0043073
-0.000138857
0.0030542
0.000530923
1.00027e-05
0.00594258
0.000120606
-0.000381001
0.000656278
-0.000844374
0.00979428
0.000876838
-0.000853301
0.000899542
-0.000284298
-0.000339343
0.000748555
-0.00191302
0.000442271
-6.95074e-05
0.0104932
-0.00227196
0.000420968
0.000753234
0.031679
0.00433163
-0.000186007
0.00505866
-0.00126918
0.000595071
0.00525055
0.00742523
-5.34062e-05
0.00246212
-0.000647241
0.000164083
0.0221406
-0.00471925
0.0145044
-0.00253971
-0.00253349
-0.0024741
0.00322019
-0.00158093
-0.00101186
0.000382551
0.00176537
-0.000513878
-0.00240917
3.44048e-05
0.00171264
0.00224663
0.000566984
0.00107328
0.000813885
0.000378635
0.000566235
0.0046543
-0.00350029
0.0196594
0.00959247
-0.00232624
0.00116152
-0.000441926
-0.00215164
0.00127647
-0.00177843
-0.00206474
-0.00037762
0.0147307
-0.00174234
-0.00119308
0.00173134
-0.000165163
0.00444527
0.00121356
-6.21761e-05
-0.000247374
0.00152635
-0.000555692
4.16356e-05
-0.000217967
0.000925007
-0.00050151
9.27757e-05
-0.000435642
0.000738118
-0.000235219
0.00278352
-0.000555849
0.0007098
-0.00103614
0.000539188
-0.000641168
0.00216063
-0.00107123
0.000600725
0.00109442
0.0015561
-0.000520078
-0.00223478
0.00104242
0.00155881
-0.00285579
-0.00025671
-0.000130455
-0.00312004
