-0.0134913
0.00701952
0.0346361
0.0233763
0.0260339
-0.0044666
-0.00800065
0.00361033
-0.00649847
-0.00480667
-0.0137327
-0.00982004
-0.00657584
0.0306202
-0.0128464
-0.00586657
0.0210881
-0.00476207
-0.00734557
0.00548161
-0.0120078
-0.00802949
-0.00389838
0.00509925
-0.0121523
-0.0106457
-0.0110977
-0.012195
-0.0139409
-0.0120697
-0.0120258
-0.00879607
0.00269659
-0.00548892
-0.00433085
0.00562169
0.0205201
0.00182858
0.0400727
0.0223907
-0.00866317
0.0332466
0.0332312
-0.00785608
0.0160533
0.0116922
-0.00759997
0.0105017
-0.00590824
-0.00151479
-0.0107074
-0.0111495
0.0219051
0.037811
-0.0106818
0.00584202
0.029148
0.00624497
-0.00558383
0.00105551
0.00319624
-0.00395759
-0.000871337
0.000261329
-0.00468682
-0.00607224
0.00632989
-0.0107274
-0.00448391
0.0137326
0.00320954
0.00194076
0.0153599
-0.0070741
0.0451296
0.000414396
0.0365908
-0.0114821
-0.00167472
-0.00738176
-0.0105613
0.0333648
0.0298429
-0.00846769
-0.00879363
-0.0010431
-0.00734608
-0.00501885
-0.0123215
-0.0094309
-0.0065632
0.0307142
-0.0119524
-0.00527266
0.0176572
-0.0038319
-0.00765131
0.00245758
-0.0120217
-0.00786348
-0.00616414
0.00909356
-0.0107954
-0.0102978
-0.011039
-0.0108624
0.0361304
-0.00871299
-0.00963765
-0.00444096
-0.00688288
-0.00443924
-0.0116324
-0.00818882
-0.00617254
0.0212141
-0.0102344
-0.0048859
0.0443405
-0.00477931
-0.00462571
0.0012757
-0.0108841
-0.000751525
-0.00726092
0.0150505
-0.0115275
-0.00843431
-0.00995837
-0.0104935
-0.00785748
-0.00952526
-0.0030797
-0.00559807
-0.00410925
-0.0113193
-0.0102804
-0.00781067
0.0176037
-0.00934233
-0.00275957
0.0313683
-0.00711901
-0.00899486
-0.000246956
-0.0116428
-0.00702417
-0.00681097
0.00843772
-0.0101127
-0.0101379
-0.00983247
-0.0102227
0.0274882
0.0420851
-0.000254175
0.00579303
0.00400665
0.00730399
0.0133101
-0.00203687
0.0188544
0.00227439
-0.00517238
0.0132675
0.0155803
0.0187165
0.0454708
-0.000267818
0.0375467
-0.00333732
-0.00974693
0.0158739
0.0104033
-0.00864949
0.0558574
-0.00365559
0.00381862
0.0153363
0.00346259
0.0101344
-0.0073571
0.00111973
-0.00522777
-0.00624061
0.010431
0.019153
0.0672773
0.0410859
0.0214363
0.0823293
0.012774
-0.0086235
0.0201904
0.00391354
-0.0064714
-1.13448e-05
0.0054434
0.00708579
0.00105418
0.0104365
0.00217289
0.000648575
-0.00114195
0.000850769
0.0110435
0.015227
0.0518326
0.0261641
0.00761147
0.046615
0.010016
-0.0085983
0.011337
-0.0010809
-0.00847502
0.0402048
0.015243
0.01896
0.00146765
-0.00551518
-0.00136182
0.0263676
-0.00201056
0.0190577
0.0102939
4.79733e-05
-0.00054275
0.00244186
-0.0010397
-0.00171192
-0.00913006
0.0137454
-0.000582085
-0.00944638
0.00776353
0.040697
0.0224475
-0.0014916
0.00397287
0.0358136
-0.00184781
0.055126
0.0335183
0.00545709
0.00512329
0.00898593
0.00603609
-0.00230789
-0.0100259
0.033152
0.00717138
-0.0104761
0.0104538
0.00293455
-0.0105337
0.00244528
0.00262113
-0.00953823
0.0113075
0.0107553
0.0112426
0.0105949
0.014119
0.0147673
7.75009e-05
-0.0055217
0.0169997
0.00411447
-0.00180297
0.0197372
-0.00595303
0.0225669
0.0445789
-0.00670367
0.0467606
0.0331566
-0.000194641
0.015529
0.00701089
0.00554674
-0.00651691
-0.00889859
0.0617409
0.0318919
-0.00956728
-0.00331644
0.00934086
0.0106192
-0.00480345
0.0425934
0.0525718
0.00650729
0.0138147
0.005225
0.0117821
-0.00610143
-0.00862042
0.0247295
0.0164196
-0.00765929
-0.00834791
-0.000664809
0.0161268
-0.00253532
-0.00175528
0.00201599
-0.00708305
-0.00610369
-0.00401783
0.0057292
-0.00894677
-0.00703545
-0.00831927
-0.00836894
0.00578354
-0.00873669
0.00839536
0.00659861
-0.00579143
0.0374304
-0.00336195
0.0055966
-0.00688838
-0.00772487
0.0260017
0.0601886
-0.00622873
-0.00217818
0.022835
0.0134619
-0.00198422
0.0018181
-0.00149619
-0.00276318
-0.00441099
-0.00899617
0.0192641
0.00782189
-0.00935616
-0.00375057
-0.0055717
0.00527958
-0.00936179
0.000718758
-0.00367971
0.012225
-0.00817464
-0.00755244
-0.00849256
-0.00865636
0.0714967
0.011613
0.0103555
0.0167168
0.0128733
0.000164268
-0.00865022
0.0393323
0.0126933
-0.00887462
0.0153415
0.0175441
0.0152034
0.0211449
0.00228021
-0.00763487
0.0387291
0.012176
-0.00805424
0.0166908
0.011038
0.0659212
0.0361803
-0.00787245
0.0109038
-0.00502932
-0.00645428
0.00242034
0.0538043
-0.00146455
-0.00717058
0.0304737
0.034629
-0.00506941
0.0122912
0.0120914
-0.0067163
0.014163
0.00148664
-0.00593284
0.0123546
-0.00725636
0.0218028
0.00627311
-0.00555827
-0.0065817
-0.000727075
-0.00617051
-0.0059057
-0.0061733
-0.00524795
0.0186025
0.0448074
-0.00681157
-0.00469442
