1 0.03866631850059 0.1632962108481
2 0.01106588041952 0.02250463188311
3 0.01106616370124 0.02250569009009
4 0.01106616370287 0.02250569009617
5 0.01106616370287 0.02250569009617
6 0.01106173280771 0.0224966096903
7 0.01092797703252 0.02727465577299
8 0.01964743240568 0.05886978190226
9 0.007789935295685 0.01753884978297
10 0.01367221394016 0.03952035831367
11 0.01041777492466 0.02130915353526
12 0.02367045217714 0.07360989848637
13 0.01074331601709 0.02191160917222
14 0.01256688214428 0.03800169478129
15 0.008118980644573 0.01806672079753
16 0.01999891099468 0.06242606368623
17 0.01056719781852 0.02158395938762
18 0.01074373784381 0.03194097788738
19 0.009423037091451 0.01994577942592
20 0.0128846175748 0.03637250358401
21 0.01006606327181 0.02059155653453
22 0.01322688312774 0.03626460488447
23 0.01033036249982 0.02115999905005
24 0.009660339787853 0.02746363360433
25 0.008826124570046 0.0182678102273
26 0.01781768826459 0.0502089971473
27 0.01069436039463 0.0218172713389
28 0.004904981767308 0.01545308168148
29 0.003755694023759 0.009701128081741
30 0.005444105225284 0.01294005018182
31 0.007427658748579 0.0155717097273
32 0.01421555313894 0.03358269809483
33 0.01056719307362 0.02157464500846
34 0.002001284627965 0.007024271705842
35 0.001395602026743 0.003513530969694
36 0.001133403758668 0.003775282618773
37 0.001278853757489 0.003003616770624
38 0.002049777939162 0.004856870579547
39 0.003301115249292 0.007238049711195
40 0.006796418096916 0.01533369349661
41 0.008109875581621 0.01689150369919
42 0.01192303710875 0.02775795042374
43 0.009990801240334 0.02049027782344
44 0.003866375737339 0.009252696671819
45 0.005319780817243 0.01130695756942
46 0.009786427272826 0.022435470206
47 0.009261311392589 0.01911065072401
48 0.007147688870918 0.01651192669348
49 0.00791084768709 0.0164793053473
50 0.01025093917801 0.02359693262264
51 0.009233507939687 0.01905487324617
52 0.006255233700985 0.01518326061132
53 0.00697011438632 0.014669906524
54 0.009788176099377 0.02270051892545
55 0.008871505679891 0.01836332009803
56 0.006875560020982 0.01759153242458
57 0.007016777329594 0.01480868031945
58 0.009148670495555 0.02165424640517
59 0.008335931476422 0.01735335102243
60 0.007419234376675 0.01943574514268
61 0.00707163282967 0.01495240668176
62 0.008616637860897 0.02078753845462
63 0.007820977376518 0.01639055706848
64 0.00715541724574 0.01856126310181
65 0.006847545343126 0.01450587055575
66 0.008006273877684 0.01896243335062
67 0.007465904823594 0.01569333331431
68 0.006931708299612 0.01728101653444
69 0.00671449092985 0.0142157615934
70 0.007507626869958 0.01741690890349
71 0.007183805977376 0.01513234664268
72 0.006601086255314 0.01574821706736
73 0.006572130326667 0.01391011473301
74 0.007110707468963 0.01620166296308
75 0.006905533169731 0.014570780688
76 0.006360011618139 0.01475628857957
77 0.006367896256946 0.0134990988745
78 0.006765493453537 0.0152291455577
79 0.006656568203029 0.01407276702825
80 0.006187662689598 0.01403138876832
81 0.006172465936594 0.01310169722024
82 0.006192568030882 0.0138504700633
83 0.006183084551504 0.01312667613367
84 0.005986603283462 0.01344785061571
85 0.006006186826881 0.01275837695873
86 0.006006268044138 0.01344356930241
87 0.005980397858427 0.01272267163635
88 0.005731886968998 0.01282703625744
89 0.005705010160133 0.01218001008209
90 0.005638289982116 0.01260625722526
91 0.005645633472332 0.01205467551313
92 0.005587701192996 0.01252340763122
93 0.005568557599449 0.01190410400867
94 0.005454559475375 0.01219547411818
95 0.005435507446232 0.01163848913414
96 0.005369270821089 0.01202477832755
97 0.005354111488516 0.01147806768118
98 0.005235183098355 0.01169616691021
99 0.005191626572589 0.01114858400909
100 0.005016145519604 0.01121473266523
101 0.004982461065484 0.01072229472578
102 0.004956069350314 0.01107458405237
103 0.004930443131448 0.01062806543886
104 0.004770183505745 0.01065298333888
105 0.004741407263974 0.01024965314942
106 0.004595366473587 0.01024224235724
107 0.004592272357828 0.009936869721741
108 0.004508084888144 0.01008023993887
109 0.004483583059374 0.009727306102991
110 0.004433167962702 0.009908537940751
111 0.004401318945954 0.009574537881509
112 0.004297111870649 0.009586403368239
113 0.004264637949571 0.009276362616219
114 0.004262785270628 0.009512872741506
115 0.004209550991357 0.009174798909995
116 0.004082544242693 0.009126036634261
117 0.004019730829333 0.00880663174186
118 0.003777800384263 0.008408522980992
119 0.003742614658031 0.008210149213897
120 0.003671386683446 0.008166244805116
121 0.003650259837173 0.008039515703123
122 0.003627272748299 0.008081376777253
123 0.00359177265835 0.007923932989696
124 0.003539054895656 0.007910079236141
125 0.003510570121055 0.007749045615166
126 0.003437800454387 0.007676082776987
127 0.003397266186846 0.007511143728392
128 0.003279134275165 0.007336438243738
129 0.003287480662569 0.00727226930005
130 0.003301662280296 0.007380307278047
131 0.00324333937385 0.007172319076617
132 0.003153265806952 0.007044355747471
133 0.003106248383895 0.006903259344013
134 0.003031415435571 0.006767740650242
135 0.003020489867827 0.006717814015069
136 0.003012922403046 0.006737393458662
137 0.002996163538018 0.006685512133035
138 0.002941343597354 0.006568126384527
139 0.002879885761236 0.006470762190343
140 0.002791582585219 0.006238678575542
141 0.002760673845192 0.006180987191827
142 0.002714574671265 0.006082067733311
143 0.002703905918711 0.006054737063453
144 0.002664820152772 0.005980389604028
145 0.002681308692916 0.006030532750925
146 0.002710216827324 0.00610015334005
147 0.002662652452577 0.005979918801356
148 0.002501988705118 0.005622457240056
149 0.002428574833276 0.005465777368292
150 0.002419864344304 0.005413416360465
151 0.002416109385611 0.005466355553442
152 0.00232236486455 0.005199820304181
153 0.002257249156841 0.005135817699337
154 0.002172098458948 0.004863004173681
155 0.002097243918688 0.004783153359519
156 0.001992907208955 0.004483348425705
157 0.001915387500044 0.004388935166893
158 0.001911819594743 0.004285457399488
159 0.001913556515465 0.004432048446426
160 0.001851069803856 0.004164478610035
161 0.001778007450526 0.004080830106021
162 0.001679513270012 0.003789822472413
163 0.001657866030951 0.003804171535839
164 0.001622851405771 0.00366949263
165 0.001563100437946 0.003635423052817
166 0.001514171087552 0.003419529637571
167 0.001465183334607 0.003493622241017
168 0.001399214015967 0.003181028300518
169 0.001329552032528 0.003158171578934
170 0.001229725198686 0.002794847881032
171 0.001208238119715 0.002876649275213
172 0.00122058748731 0.002773464313833
173 0.001191680183068 0.002838498097666
174 0.001128900825858 0.002571205136497
175 0.001064371342736 0.002614082384352
176 0.0009535483461152 0.002180538762818
177 0.0008966757167738 0.002181126296179
178 0.0008594658749008 0.001986428433636
179 0.0007770343073272 0.001871693504572
180 0.0007016090039194 0.001658779634077
181 0.0006613766222836 0.001675386700864
182 0.0006460070837855 0.001613695685205
183 0.0006210032031608 0.001625743839873
184 0.0006072262192246 0.001512401627562
185 0.0005702569632831 0.001518524246284
186 0.0005587567546971 0.001357317672758
187 0.0005203009519283 0.001351073241602
188 0.0004388169325026 0.001107055534939
189 0.0004297119471093 0.001234711395781
190 0.0004642333449959 0.001234610514258
191 0.0004264826745954 0.001149286108844
192 0.0003717462215938 0.0009842358348327
193 0.0003616365816344 0.001142116093215
194 0.0003749338334211 0.0009385279821309
195 0.0003943484586784 0.001350419906028
196 0.0003479144390521 0.0009547478626613
197 0.0003419314760042 0.001169534798116
198 0.0004424173634932 0.001118521979808
199 0.0003989793885195 0.001050202995317
200 0.0002769278768783 0.0008404213662827
201 0.0002176893116504 0.0008205729181125
202 0.0001913192558964 0.0006995224848059
203 0.0001450215425529 0.0008149883686079
204 0.0001254592147275 0.0006718893273168
205 0.0001081623938243 0.0006617194853347
206 0.0001471239610825 0.0006321421679401
207 0.0001033777092547 0.0005975750410633
208 0.0001033162117696 0.0007972454966263
209 7.813715045704e-05 0.0006283919827317
210 7.507685781762e-05 0.0006699237502516
211 0.000154312995642 0.000568220698404
212 0.000103353989815 0.0006923608797675
213 0.0001169389649917 0.0006406754343265
214 0.0001151245904423 0.0006853943157417
215 8.775188902979e-05 0.0006147649177791
216 0.0001172907169442 0.0006367160481778
217 0.0001065232675035 0.0005600628010398
218 0.000116138689464 0.0005843222694521
219 0.0001411056501985 0.0006944065461246
220 7.824504051172e-05 0.0005776855266732
221 6.09651327209e-05 0.000624412654179
222 0.0001102270720064 0.0006438225655452
223 8.367665129665e-05 0.0007163545601738
224 0.0001581365589325 0.0006226142473379
225 9.82566803385e-05 0.0006026045738402
226 0.0001238802828286 0.0006641932885217
227 0.0001289081381866 0.0007826194902885
228 8.447427475375e-05 0.0005552499508576
229 7.488926951114e-05 0.0006235366128819
230 0.0001243536178455 0.0005060431024987
231 7.919891771302e-05 0.0006036253702105
232 0.0001296856320928 0.0005347307940758
233 8.859606603182e-05 0.0006673407452968
234 6.312632571265e-05 0.0006087272983682
235 0.0001027319916857 0.0006550372590626
236 8.742140844849e-05 0.0006324639186348
237 0.0001082179310532 0.0006368008267662
238 0.0001365354836836 0.0006677514327031
239 9.738854336145e-05 0.0006554540737559
240 8.645877993223e-05 0.0005425254235972
241 0.0001078117197441 0.0006430532998675
242 6.765863360639e-05 0.0005731997071288
243 0.0001215737145255 0.0007191244610304
244 0.0001147074181096 0.0005609273852121
245 9.508461212876e-05 0.000645667596364
246 0.0001419717623938 0.0006111023278216
247 9.871025304469e-05 0.0006553233021237
248 0.0001049919546674 0.0005531372214027
249 0.0001275887795027 0.0007331883645856
250 6.720029190615e-05 0.000584777378543
251 0.0001168359094373 0.0005785825218791
252 8.273304272319e-05 0.0005839558633715
253 6.629217998982e-05 0.0005671603885541
254 0.0001202202178504 0.0007577636270754
255 6.584322709787e-05 0.000604003714718
256 6.339046262185e-05 0.0005353822890571
257 0.0001087157336347 0.0006014995324629
258 8.708081919552e-05 0.0005825525954703
259 0.0001083737849122 0.0006495000553556
260 9.046260943853e-05 0.0005287451817667
261 6.404951646639e-05 0.0005918709284704
262 0.0001076885951201 0.0006310675678883
263 8.429472543097e-05 0.0005320681732298
264 7.178120653283e-05 0.0005788536585218
265 0.0001226446238362 0.0005573757911862
266 9.43400306252e-05 0.0005737906658296
267 9.994673636777e-05 0.0006397014554088
268 8.568183353567e-05 0.0005898211836126
269 7.644547527631e-05 0.0005185601268086
270 0.000129783132558 0.000753710375708
271 9.074485549816e-05 0.0006089353865712
272 7.693977035026e-05 0.0005971007213521
273 0.0001507040423414 0.0005558289701097
274 9.766740375159e-05 0.0005116589345113
275 0.0001153100326517 0.0006602254139979
276 8.798560101616e-05 0.0006092327821808
277 9.579881907735e-05 0.0005673516283566
278 0.0001465992272547 0.0007838235162095
279 0.0001070626567234 0.0005603489928366
280 9.113895763841e-05 0.000536623249206
281 0.0001554255483327 0.0006340284571961
282 0.0001403678958711 0.0006538650698322
283 8.659677846318e-05 0.0006494957578372
284 5.988677376e-05 0.000590157470114
285 5.950006777988e-05 0.0005692608507329
286 9.445647789919e-05 0.0006614879783001
287 7.396325083366e-05 0.0004849368559251
288 6.902932362437e-05 0.0005002962008141
289 0.0001073725220917 0.0005996457982521
290 9.048483885283e-05 0.0005461850212767
291 0.0001135989980488 0.0006474598187695
292 8.093153522224e-05 0.0006101295015002
293 6.834884252429e-05 0.0005019591558543
294 8.681443770442e-05 0.0005969669710411
295 6.363823778582e-05 0.0005540136039124
296 6.869284439521e-05 0.0005563105050448
297 8.644396125562e-05 0.0004892384576133
298 7.0740455259e-05 0.0005849943027641
299 0.0001210783863973 0.0005689888742977
300 8.099109275228e-05 0.0004909852200246
301 7.080057112546e-05 0.000570541742956
302 0.000124840514007 0.0006935998899962
303 0.0001017572717869 0.0005820662499175
304 8.683765885538e-05 0.000634181380142
305 0.000151000526933 0.0005623881760515
306 7.152768277936e-05 0.0005508782985899
307 6.678716375169e-05 0.0005307196868413
308 0.0001188390193701 0.0006625730957082
309 7.977714834871e-05 0.0004916278226291
310 8.824533900145e-05 0.0005545195150832
311 7.42368862751e-05 0.0004977133330445
312 6.309921391048e-05 0.0005911083995347
313 0.0001102794145336 0.0004964766802478
314 7.485236767649e-05 0.0005955431217904
315 6.066173803673e-05 0.0005429442735698
316 7.703808673756e-05 0.0006057823825789
317 7.066159265721e-05 0.0005989209182002
318 0.0001294866706961 0.0006423730957568
319 8.819804001964e-05 0.0004977559642362
320 7.879992634455e-05 0.0004736302814964
321 0.0001326765522389 0.000684937759595
322 6.20014579454e-05 0.0005382621380798
323 6.294662068193e-05 0.0005255245604351
324 0.0001405297788695 0.000727696115002
325 8.908627025143e-05 0.0006433480067124
326 0.0001330342566697 0.0005658899932422
327 7.175522334253e-05 0.0004812575010491
328 6.158873257241e-05 0.0005256823271106
329 8.797114367016e-05 0.0005595852345896
330 8.243105907643e-05 0.0005011467066353
331 0.0001025549870538 0.0006334575819304
332 0.0001151163738594 0.0006045714092006
333 8.112062789599e-05 0.0005344099114242
334 0.000109608726564 0.0005601204901586
335 7.060818754026e-05 0.0005032737173866
336 6.238331401504e-05 0.0005342797489298
337 8.625491917019e-05 0.0005046983789164
338 7.426177919177e-05 0.0004498136728178
339 7.499958045099e-05 0.0005570907371261
340 0.0001497546737223 0.0007183681385735
341 0.0001000295912923 0.0006121061419232
342 8.82164601534e-05 0.0005741322797299
343 6.861497911843e-05 0.0005450102809876
344 6.200477213707e-05 0.0005500394088676
345 0.0001411590953791 0.0004531661214063
346 0.0001124169003164 0.0005354598118944
347 0.0001171917573487 0.0005088652103279
348 0.0001196201156681 0.0006142585817577
349 7.974828517087e-05 0.0005537145895661
350 0.0001078488143783 0.000686630584326
351 0.0001047199835321 0.0005758403231325
352 7.170122752639e-05 0.0004956799137769
353 0.0001218256172995 0.0005507350993194
354 9.37577665153e-05 0.0005932760653166
355 8.5993740167e-05 0.000602285491005
356 0.0001218019350263 0.0005088172462376
357 9.77275667574e-05 0.0005357333741198
358 0.0001003882921149 0.0006022707239061
359 6.861877691885e-05 0.0004992278874727
360 7.008342227925e-05 0.0005660527460865
361 0.0001189214883087 0.0006184479249725
362 7.406073402494e-05 0.0005046035385967
363 7.825162747913e-05 0.0004662430544267
364 0.0001223033722373 0.0005728019503915
365 8.168544734467e-05 0.0005451197601471
366 0.0001073504525014 0.0006091058291004
367 8.101750493722e-05 0.0005285328865423
368 7.991900096086e-05 0.0004747697776313
369 0.0001218741055987 0.0005392777339831
370 0.0001036184458753 0.0004871280247984
371 8.177692070716e-05 0.0005126157258941
372 7.432407541903e-05 0.0005695679842962
373 6.621453526394e-05 0.0005292280540624
374 6.330437567609e-05 0.0004917025551625
375 0.0001229774022334 0.0006245745480152
376 0.0001015247733451 0.0005641930650766
377 0.0001161424431193 0.000577426805223
378 8.124405202861e-05 0.0004547911232801
379 7.933327217386e-05 0.0005695279397449
380 0.000140570398421 0.0006267838481691
381 7.688871556949e-05 0.0005140604929967
382 5.920164488889e-05 0.0004766173710844
383 9.329644566976e-05 0.0005598102771642
384 8.146872328163e-05 0.0005788214243741
385 0.0001133163941071 0.0005764328408488
386 7.351504811603e-05 0.0005660783030349
387 5.887086827615e-05 0.0005104352444763
388 8.122019925603e-05 0.0005790237815543
389 6.909580642885e-05 0.0005395953510052
390 6.549693662879e-05 0.0004985977274506
391 0.0001348718733612 0.0005140252201548
392 7.513764084722e-05 0.0005346075499665
393 8.103131825979e-05 0.0005352314011961
394 8.838457167202e-05 0.0004771984589828
395 6.940341453514e-05 0.0005162622903036
396 0.0001021963145111 0.0006344800159694
397 8.089935022933e-05 0.0005017771393699
398 6.600957737428e-05 0.0005088071978532
399 0.0001093985661634 0.0005242114790956
400 0.0001165104416408 0.0005551501857429
401 0.0001270835259508 0.0005665735735203
402 8.317035102549e-05 0.0005102030038229
403 6.549352259285e-05 0.0004835252729017
404 9.209304994145e-05 0.0004838422397285
405 7.304193308139e-05 0.000515082873273
406 7.67101002109e-05 0.0004362454382821
407 0.0001241300941598 0.0006376815125406
408 0.0001217209914504 0.0006059452497965
409 0.0001099826923623 0.0005740547531355
410 9.829908716829e-05 0.000521523730219
411 7.359840790858e-05 0.0005175080458559
412 0.0001278796297234 0.000683627895132
413 7.5476154612e-05 0.0005014698730763
414 7.086980177731e-05 0.0004716604722323
415 0.0001111153714697 0.0005971762242615
416 6.505036800705e-05 0.0005075313407984
417 0.0001264577511006 0.0005825954515964
418 7.270067032968e-05 0.0005400633475148
419 6.46816379024e-05 0.0005102738534288
420 0.0001730701121019 0.000547701501283
421 9.645144835199e-05 0.0004723641028536
422 6.798033888282e-05 0.0004959179297792
423 0.0001348493728657 0.0006299246191398
424 0.0001212205799723 0.0005344473828973
425 0.0001293406830561 0.000596827366073
426 9.106895968286e-05 0.0005276955731231
427 6.599100609604e-05 0.0004779406059971
428 9.297231937854e-05 0.0005513998012022
429 7.442066880569e-05 0.0005579224842056
430 7.146821470279e-05 0.0004870520265876
431 0.0001306969230198 0.0005954830611812
432 8.322931746077e-05 0.0005035209462801
433 0.0001088911571284 0.0006108048704973
434 7.314244237621e-05 0.000510418286283
435 6.621494206305e-05 0.0005321680893736
436 0.0001178125826257 0.0004657527716053
437 6.88050111756e-05 0.0004533830460108
438 6.311083358656e-05 0.0004906316220036
439 0.0001086764895732 0.0004856756280001
440 6.762177049484e-05 0.0004742924152902
441 9.125339256657e-05 0.0005460907341622
442 8.010794591173e-05 0.000519539020023
443 5.992170115819e-05 0.0005247980993109
444 8.326803350741e-05 0.0005046191064423
445 0.0001019001824394 0.0005136142697741
446 5.844269592183e-05 0.0004939893462449
447 0.0001223289691409 0.00062235785245
448 8.019233164756e-05 0.000474634753144
449 0.0001046846376679 0.0005848832379457
450 7.927448650012e-05 0.000485359402694
451 5.722733363756e-05 0.000416066859422
452 0.0001170027510199 0.0006886986767148
453 6.909912368964e-05 0.000562171312702
454 6.219750081334e-05 0.0004974072610312
455 0.0001276879019313 0.0004955786087617
456 8.155848377282e-05 0.000503269795816
457 0.000106677077242 0.0005026643904132
458 7.542435775487e-05 0.0005408594669414
459 6.342241560992e-05 0.0004772788260403
460 0.000104063334995 0.0006114339836359
461 8.8515266848e-05 0.0005511097317357
462 7.765991165072e-05 0.0005293321754587
463 9.386954807417e-05 0.00043535237675
464 8.812329288775e-05 0.0004379828959076
465 0.0001088838616059 0.0005916397805323
466 8.448575137781e-05 0.0005163536689127
467 7.035556175439e-05 0.0004737649444062
468 0.0001122470126385 0.0005129707300329
469 6.852512464355e-05 0.0004999086805831
470 7.584921043428e-05 0.0004207925420819
471 0.0001199521265526 0.0005245487088216
472 8.239886212637e-05 0.0004486330366371
473 0.0001006337315677 0.0006165651324487
474 7.509954353209e-05 0.0005139347759591
475 7.018838312846e-05 0.0004703099245164
476 9.285960994502e-05 0.0004950281498514
477 7.88205782841e-05 0.0004941397088624
478 6.366765766797e-05 0.0004282834360375
479 0.0001280575686667 0.0005822915755321
480 0.0001173126811078 0.0006144183088289
481 8.87378025044e-05 0.0005013297561332
482 7.450340963728e-05 0.0004646516970812
483 5.805894774084e-05 0.0005166357032231
484 0.0001019858189254 0.0004448732287991
485 8.923224665178e-05 0.000395547826534
486 6.243169321015e-05 0.0004437339435129
487 9.556394039074e-05 0.000605607277257
488 7.212510997198e-05 0.0005534334093079
489 8.086066257583e-05 0.0005639260800334
490 6.768338010649e-05 0.0004464515977022
491 7.075730193093e-05 0.0005087301196538
492 0.000121139820658 0.0005202104244634
493 7.604983630229e-05 0.0004657359748505
494 6.974812952814e-05 0.0004626752886807
495 0.0001529623696783 0.0006570151866903
496 0.00010154150774 0.0005424268785474
497 8.534355172046e-05 0.0004298029070729
498 7.551004029819e-05 0.0004853881692596
499 6.358349632139e-05 0.0004627868579261
500 0.000114606761912 0.0006631461690165
501 8.60414200374e-05 0.0005795868859665
502 6.016131866817e-05 0.0004802129452653
503 0.0001384408727751 0.0007400953392687
504 7.799760931291e-05 0.0005640473895067
505 0.0001047185349304 0.0005021037287557
506 9.273827110119e-05 0.0004907008658311
507 6.349160988669e-05 0.0005020278165271
508 0.0001191456195824 0.0004353379631142
509 7.301884282854e-05 0.0004518370330715
510 6.951091780853e-05 0.0004243763734327
511 0.0001578923228434 0.0005913678600931
512 0.0001159343729396 0.000608997319585
513 8.871271329127e-05 0.0004868959806835
514 0.0001224395542094 0.0005108533369123
515 6.730484354782e-05 0.0004843533633707
516 8.348324351657e-05 0.0005920235889064
517 6.243108628222e-05 0.0004708515551859
518 6.333802851364e-05 0.0004746384707898
519 8.234602735691e-05 0.000565749935855
520 7.148288578087e-05 0.0004410251338665
521 6.283532283117e-05 0.0004474132280782
522 0.0001080463695999 0.0004206049848392
523 8.570878270567e-05 0.0004968517133443
524 0.0001324634195255 0.0005831310433824
525 7.034682458078e-05 0.0005224389964962
526 7.525657854032e-05 0.0004553647091521
527 0.000131307474837 0.0005715478613073
528 7.755196951479e-05 0.0004745878835511
529 8.140997786529e-05 0.0004181936295777
530 0.0001033468953973 0.0005223063838728
531 7.420197139669e-05 0.0005269969098463
532 0.0001193637465381 0.000643165705101
533 8.039410807426e-05 0.0005042246849536
534 6.677307276136e-05 0.000500881482885
535 0.0001035285498559 0.000507094029077
536 7.301862511174e-05 0.0004198911967813
537 8.671455719177e-05 0.0004781864624671
538 0.0001066252970084 0.0004801116651082
539 8.576743508049e-05 0.0004406052821819
540 0.0001137016326929 0.0005856634675928
541 6.899538826103e-05 0.0005164637264525
542 6.711051516411e-05 0.0004817607681206
543 0.0001025921199934 0.000593890385603
544 6.808700791466e-05 0.0004852346246489
545 7.539548104719e-05 0.0004824490836767
546 8.623602088001e-05 0.0004856819384939
547 7.279204271893e-05 0.0004784340102856
548 0.0001050599937925 0.0004962212932619
549 6.917391692939e-05 0.0004331848536576
550 6.387108694724e-05 0.0004257337646412
551 0.0001158310129717 0.0005044975192943
552 7.578082294309e-05 0.0004296444570418
553 6.944122664559e-05 0.0004591338637383
554 0.0001090805314162 0.0006277953194558
555 7.645503131358e-05 0.0004783641862521
556 9.450197588977e-05 0.0004444687323176
557 8.406664354041e-05 0.0004619058528718
558 7.541369956744e-05 0.0004677925349012
559 0.0001240117201372 0.0005698275031802
560 8.823101632349e-05 0.0004994195212212
561 8.097490605417e-05 0.0004950116621394
562 8.699694735968e-05 0.0005036754947384
563 7.409545955854e-05 0.0005030700521569
564 0.0001138095584892 0.0005457112789867
565 7.807084575556e-05 0.0004976081650915
566 7.074789087298e-05 0.0004142264817014
567 0.0001019270702759 0.0004714328844918
568 8.499345329e-05 0.0004471662116287
569 7.280450078435e-05 0.0004933309096255
570 9.226684740932e-05 0.0003886267492542
571 6.330721561628e-05 0.0004803408384571
572 0.0001279827970303 0.0007121898458792
573 7.758534457532e-05 0.0005790436770731
574 6.327098397125e-05 0.0005299923779347
575 0.0001354520415698 0.0005179987899946
576 8.092177724619e-05 0.0004470992091482
577 5.826797690406e-05 0.0004535946117556
578 9.969210940254e-05 0.0004655007943024
579 9.663902279307e-05 0.00046765392237
580 0.0001023762937395 0.0004936602709301
581 8.210077404633e-05 0.0004670902789286
582 5.177696540557e-05 0.0004623931163964
583 8.186731403293e-05 0.0004708943557859
584 6.088567950335e-05 0.0004609554357125
585 5.523019718045e-05 0.0004315348604168
586 9.975016762166e-05 0.0005715898933192
587 7.926173468925e-05 0.0005120543369829
588 9.127201750857e-05 0.0004729949050136
589 5.927384645475e-05 0.0004264689010107
590 5.366870206079e-05 0.0004337659847522
591 0.000117887330256 0.0006610419876179
592 7.188483959627e-05 0.0004957182092968
593 7.339991659319e-05 0.0004432629878174
594 0.0001147911901328 0.0004667203435431
595 6.673883860073e-05 0.0004245273522363
596 7.244567307103e-05 0.0004305927994942
597 9.139407699968e-05 0.0003945711868556
598 7.085287954294e-05 0.0004295851638697
599 9.737413193846e-05 0.0005224456393268
600 5.887258004562e-05 0.0004986498589758
601 5.565761441214e-05 0.0004406785669474
602 8.033220653459e-05 0.000473285634203
603 6.955059437864e-05 0.0004503820093196
604 6.399863369206e-05 0.0003977925123122
605 9.500557096902e-05 0.0004708863904403
606 8.722950961419e-05 0.0004467624119524
607 9.602404599372e-05 0.0005621349154367
608 7.73693459008e-05 0.0004575953394535
609 6.153226427155e-05 0.0004164476019726
610 0.0001097055973873 0.0005672665184857
611 7.707690329287e-05 0.0004586812868905
612 7.683441938261e-05 0.0004601037750998
613 9.044380062383e-05 0.0004992617747638
614 7.039118367306e-05 0.0005256936982493
615 0.0001170455753381 0.0005143727763768
616 8.250619896878e-05 0.0005058234958341
617 6.456820527072e-05 0.0004644630486346
618 8.111363073511e-05 0.0004584669333562
619 7.119559274292e-05 0.0004636088205287
620 6.921340833287e-05 0.0004357429923446
621 0.0001471074813627 0.0004873160513839
622 8.5982890255e-05 0.0004537084132127
623 0.0001114162921652 0.0006004551684988
624 7.740264009933e-05 0.0005100529566636
625 6.585294992647e-05 0.0005089212738329
626 0.0001066425308906 0.0004761072735573
627 8.141966322073e-05 0.0004655632316833
628 6.497417775395e-05 0.0004323710816707
629 9.491839823462e-05 0.0005582979702926
630 7.075525432028e-05 0.0004374341677626
631 0.0001354448532383 0.0005757877325947
632 7.548670199792e-05 0.0004516511669655
633 8.125976303741e-05 0.0004315702683274
634 0.0001060377029018 0.0005157854659735
635 8.098467006965e-05 0.000465382309798
636 7.250010254918e-05 0.000446722829951
637 9.691647916283e-05 0.0005099214351238
638 7.428047572496e-05 0.0004079022311552
639 9.486256555474e-05 0.0004755989397883
640 7.517865181336e-05 0.0004689643137632
641 6.075245669526e-05 0.0004340570685722
642 0.0001245277413736 0.0005540964857869
643 7.678706805529e-05 0.0004319498574679
644 6.508182883356e-05 0.0004578294064937
645 9.083703509005e-05 0.0005560437287112
646 6.062500475668e-05 0.0005075694739743
647 5.697919899539e-05 0.0004668479926681
648 0.0001138477157934 0.000429331185018
649 8.253986600104e-05 0.0004608685827849
650 0.0001365738944876 0.0006239081280363
651 8.23468100565e-05 0.0004705450938024
652 6.912923602627e-05 0.0004943181818881
653 0.0001336891847216 0.0004697341940677
654 9.752326754475e-05 0.0004829292835929
655 7.729465629748e-05 0.0003990060388977
656 0.0001161292776732 0.000575752574026
657 6.000165511597e-05 0.0004673703618224
658 8.631033214643e-05 0.0005456602208093
659 7.970377673526e-05 0.0004825653667593
660 7.120945657141e-05 0.0005004097734548
661 8.56869167403e-05 0.000455959265745
662 5.692317241173e-05 0.0004287911402296
663 5.947891331155e-05 0.000448174336858
664 0.0001015789818541 0.0005171326052744
665 7.753859883298e-05 0.0004644018234459
666 0.0001023808523537 0.0004397656896489
667 7.335170875144e-05 0.0003820329296597
668 5.979941774376e-05 0.0004346742269561
669 9.524121611526e-05 0.0005412462129366
670 7.330779959763e-05 0.0005047846234512
671 6.688882113157e-05 0.0004545696332918
672 0.0001134125956248 0.0005033563226241
673 7.277090625232e-05 0.0004088143992382
674 0.0001063248494193 0.0004640589255239
675 7.411580580275e-05 0.0004602034204354
676 7.627262020887e-05 0.000478540357628
677 0.0001329034718935 0.0005685048719642
678 6.727766805748e-05 0.0003887432365055
679 6.113595905021e-05 0.0004830041400495
680 0.0001081961360776 0.0004648415643787
681 6.878106134049e-05 0.0004783210587512
682 9.944335784341e-05 0.0004610505268296
683 8.192480614527e-05 0.0004674437573604
684 6.073921646167e-05 0.0004083905116888
685 9.919795512201e-05 0.0004793433131709
686 8.499195883145e-05 0.0004442336179054
687 9.539203879413e-05 0.0004655403678234
688 0.000117534434829 0.0006056949770982
689 7.975041618508e-05 0.0004618198697839
690 8.930081605835e-05 0.0004919716927293
691 7.996718947471e-05 0.0004700079279654
692 6.135139187685e-05 0.0004613985432311
693 0.0001176491811232 0.0004528245490894
694 7.470119381353e-05 0.0004295009895198
695 6.312145126329e-05 0.0004097737511371
696 0.0001300311132966 0.0005855914276563
697 7.849242734334e-05 0.0004305777230961
698 9.610314199391e-05 0.0005288426658102
699 7.168071926465e-05 0.0004678806999561
700 7.195784477593e-05 0.0004677797676248
701 9.807526111597e-05 0.0004412483814731
702 7.147648509958e-05 0.0004335540509041
703 5.616295896206e-05 0.0004507761170307
704 0.0001245553615079 0.000527600468549
705 8.383783722143e-05 0.0004481099089471
706 5.667723264884e-05 0.0004056346444121
707 0.0001096745309776 0.0005034257874545
708 7.224433472313e-05 0.0004078161624941
709 0.0001092102383073 0.0005309344239541
710 6.868355396896e-05 0.0004664641268187
711 6.281119369494e-05 0.0004892754618871
712 9.016099312897e-05 0.0005117527858447
713 8.656419564079e-05 0.0004862646181416
714 8.045615599551e-05 0.0004247319558746
715 9.468183776395e-05 0.0004504801909543
716 8.707435117048e-05 0.0004624921600353
717 0.0001133351185419 0.0005056309856863
718 6.66615418611e-05 0.000433118653404
719 5.586454714744e-05 0.0004824117850131
720 0.0001111927681156 0.0005055175246027
721 7.987453513325e-05 0.0004598263834456
722 7.07087258179e-05 0.0003991319413783
723 9.436249994521e-05 0.0004558034540025
724 8.913459881831e-05 0.0003929079299568
725 9.949096039706e-05 0.0004276729238526
726 6.875659951391e-05 0.0004227721478873
727 6.812970464732e-05 0.0004403488619694
728 9.665707016226e-05 0.0005846055555036
729 7.850907880432e-05 0.0005461249602185
730 5.700865096883e-05 0.0004492856516269
731 0.0001257245474373 0.0005432332002012
732 8.891396273982e-05 0.0004219258621101
733 0.0001127496691408 0.0005100949236716
734 7.637942504287e-05 0.0004522905968327
735 6.510323947391e-05 0.0004024525125579
736 0.0001226008279587 0.0004870165048936
737 8.031179974291e-05 0.0004148420152377
738 7.468614835442e-05 0.0004756855844788
739 7.371519189333e-05 0.0004632820436619
740 7.277413367711e-05 0.000466687154267
741 8.724770149285e-05 0.0005662798568774
742 8.041434289437e-05 0.0004792646571282
743 7.090925257191e-05 0.0004249207224007
744 9.662403078006e-05 0.0004865814689414
745 5.522724502019e-05 0.0004729322261312
746 4.756312558874e-05 0.0004382858843805
747 0.0001053418733067 0.0004665640911015
748 8.567365556322e-05 0.0004633750256592
749 7.95395766905e-05 0.0004342773093469
750 6.354110395235e-05 0.0004629483551902
751 5.380225578166e-05 0.0004209677905558
752 0.0001337688369921 0.0004392093719858
753 9.870203257866e-05 0.0004465736973485
754 6.572919998692e-05 0.0004183007321784
755 0.0001739111098048 0.0006648237806251
756 7.942756730526e-05 0.0004264834626268
757 0.0001001909867183 0.0004112791333153
758 5.48488667234e-05 0.0004065068908823
759 6.602802239963e-05 0.0003998835749409
760 7.085836876537e-05 0.00042471020419
761 6.905288831154e-05 0.0005079352102709
762 7.253547017194e-05 0.0003726078119361
763 0.0001055572240673 0.0004213756678467
764 8.995576081388e-05 0.0003758821040083
765 6.784592619018e-05 0.0004907954903732
766 7.264982495246e-05 0.0005025729020561
767 6.44239527446e-05 0.0004626206779667
768 0.0001153383621936 0.0004754321946831
769 7.459184478272e-05 0.000405744092286
770 6.742557844776e-05 0.0004386788545606
771 0.0001213520754581 0.0005462497826818
772 7.469617660107e-05 0.0004226099885366
773 9.275862942267e-05 0.0004760374000813
774 7.637895872989e-05 0.0004394324001492
775 6.576597299759e-05 0.0004777483416431
776 9.749936724827e-05 0.0005028571865413
777 6.814829233962e-05 0.0004854129694552
778 6.42542445436e-05 0.0004346480459484
779 0.0001082755762005 0.0005176921458864
780 6.631526320606e-05 0.0004400516202665
781 5.962721194948e-05 0.0004218213418066
782 0.0001010621493615 0.0004476049633444
783 8.538502358711e-05 0.0004361199345772
784 0.0001083801315009 0.0005381129840195
785 7.669072690955e-05 0.0004031002419235
786 5.897439810129e-05 0.0004118284796173
787 9.579841771559e-05 0.0004987890015304
788 6.410400137728e-05 0.0004164690767085
789 5.56538969219e-05 0.0003989165505407
790 0.0001113377927106 0.0005694920379794
791 7.884918772017e-05 0.0003983739263077
792 9.626780236758e-05 0.0005094535927703
793 7.651791879983e-05 0.0004523093870995
794 5.925822729859e-05 0.0004562659356685
795 0.0001021496863032 0.0003644454368603
796 8.229804580636e-05 0.0003585370922817
797 6.820156806964e-05 0.0004009349470965
798 9.450560504941e-05 0.0005158279844215
799 7.355519507356e-05 0.0004783994911418
800 0.0001613212359622 0.0006131243060435
801 7.31381400927e-05 0.0004431310955999
802 7.311905523973e-05 0.0003902692179054
803 0.0001163848126652 0.0005314168905461
804 7.559482568948e-05 0.0004287811322114
805 5.620571540059e-05 0.0004356134242996
806 0.0001392600478876 0.0005280152249791
807 9.120671566309e-05 0.0003948113264948
808 9.81464430772e-05 0.0004677756155374
809 7.13537921652e-05 0.0004587741200746
810 6.47192649581e-05 0.0003499010882376
811 9.644835607768e-05 0.0005077984489708
812 8.337127967088e-05 0.0004558681482474
813 5.827132542162e-05 0.0004191184830825
814 0.000104215621275 0.0005521980704758
815 7.655990638268e-05 0.0004230000147301
816 8.424471078973e-05 0.0004373079076713
817 9.021957371035e-05 0.0003518969502271
818 8.047325804553e-05 0.0004617407484292
819 7.869363790744e-05 0.0005118946626365
820 7.250502402419e-05 0.0004291065565072
821 6.030750772442e-05 0.0004324011789363
822 0.000117002029521 0.0005349189627233
823 7.184141048973e-05 0.000408150686615
824 5.161047591548e-05 0.0004212769191687
825 0.0001098462045413 0.0004418591779114
826 7.627265605623e-05 0.0003932681998341
827 9.454593906851e-05 0.0005297658640033
828 7.256403565361e-05 0.0004506748249763
829 5.543813786042e-05 0.000430268347437
830 0.0001327882508483 0.0003950123663216
831 9.08830811879e-05 0.0004040028313312
832 7.004205186371e-05 0.0003938659089533
833 0.0001195218593568 0.0006214997480725
834 9.401304819151e-05 0.0005065341528465
835 0.0001627670726526 0.0004609168919678
836 7.405897316478e-05 0.0004530797591704
837 6.491999279137e-05 0.0003930834391799
838 0.0001426877935338 0.000582550386748
839 7.64072373177e-05 0.0004436998833141
840 6.186724928627e-05 0.0004048576503944
841 0.0001020586841293 0.0005391863692635
842 7.504707202497e-05 0.0004521008089141
843 0.0001157965496344 0.0005141541756572
844 8.751249896968e-05 0.0004993920146921
845 6.358186914161e-05 0.0004088016004463
846 0.0001249521734525 0.0005645967390643
847 7.42472788652e-05 0.0004172848827692
848 6.205708963929e-05 0.0004194999339157
849 0.0001061667808918 0.0005024116637795
850 8.594699956483e-05 0.0004291530994205
851 0.000121709514445 0.0005082080748923
852 8.340328565208e-05 0.0004108727945927
853 6.014147528678e-05 0.000376591422776
854 8.837272935797e-05 0.0004550096146771
855 8.830109102054e-05 0.0004383480452067
856 7.382264016714e-05 0.0004486995331592
857 9.18992179869e-05 0.0005002337965517
858 7.478851363655e-05 0.0004549151065259
859 0.0001300516560325 0.0005131676159666
860 8.288995036272e-05 0.0004786986724344
861 5.805828595753e-05 0.0003783745668382
862 8.199696106145e-05 0.0004569584575443
863 6.371256503339e-05 0.0004535591983686
864 6.185584584514e-05 0.0004087219580254
865 0.000115680979557 0.000467702445583
866 8.269022061141e-05 0.0003812565060199
867 0.0001144069737798 0.0005843380025109
868 6.763300416859e-05 0.0004272137715797
869 6.529770536917e-05 0.0004294201696154
870 0.0001471965035395 0.0006040377118476
871 7.614658470427e-05 0.0004499253989925
872 6.896817655432e-05 0.0003963977088958
873 0.0001285326075413 0.0005576162206056
874 8.870753109509e-05 0.0004622890956032
875 0.0001088241702511 0.0004615871487429
876 7.080970227338e-05 0.0004147054501407
877 5.660127721162e-05 0.0003666239195369
878 0.0001399459537956 0.0005446868431469
879 8.120182394858e-05 0.000370472891916
880 6.170609513896e-05 0.000431820680035
881 0.0001290070668643 0.0004183475282045
882 7.086433832306e-05 0.000404008723133
883 9.263180556593e-05 0.0004846549027458
884 7.263791070204e-05 0.0004238047222523
885 6.516313147147e-05 0.0004371178155999
886 0.0001026212633227 0.0004992765106205
887 7.134172717116e-05 0.0004790610504001
888 7.044455678034e-05 0.0004278817935654
889 0.0001004195719143 0.0005297265012348
890 8.411582677673e-05 0.0005176302399625
891 6.572920438861e-05 0.0004514873358023
892 0.000110299707289 0.0003549140814236
893 5.527466780718e-05 0.0004354717296624
894 9.420052399146e-05 0.0004985471520874
895 7.284279360815e-05 0.000453359019457
896 6.028511897612e-05 0.0004427223966401
897 0.0001140884846955 0.0005090653052297
898 7.897048723663e-05 0.0004408531996114
899 5.821451102874e-05 0.0003921082682836
900 9.874135254894e-05 0.0004271441683165
901 7.995655598143e-05 0.000434402924361
902 9.883502865843e-05 0.0004065171215352
903 7.031445163258e-05 0.0004862011039272
904 5.912828441438e-05 0.0003962013228488
905 0.0001030181139234 0.0004402342093662
906 8.341376604298e-05 0.000439631669547
907 7.898660130414e-05 0.0004106975924308
908 0.0001101080913288 0.0003981443917653
909 8.04296682764e-05 0.0004751124540144
910 7.45491913527e-05 0.0005175481682076
911 6.03724777203e-05 0.0004269737129274
912 6.687095643374e-05 0.0003732684221122
913 0.0001418696996118 0.0005390874783859
914 8.007240656365e-05 0.0004120475513163
915 6.546114896738e-05 0.000397240643891
916 0.0001105465864884 0.000506283823685
917 6.848986590924e-05 0.0004627121830294
918 8.46111545697e-05 0.0004635031991971
919 6.989621749563e-05 0.0003801992406276
920 5.364923235935e-05 0.0004401207572371
921 0.0001032419834787 0.0004726305237335
922 7.681580300274e-05 0.0004405486276235
923 6.427408398823e-05 0.0004248973720469
924 0.0001114412046009 0.0005109356241512
925 7.836616063623e-05 0.0004650854578749
926 8.670056341001e-05 0.0005082632537607
927 9.013962303271e-05 0.0004760415460455
928 6.671278417343e-05 0.0004136170761168
929 0.0001046309461409 0.0004555625845969
930 7.3300410158e-05 0.0004120865817921
931 8.066727075604e-05 0.0004202094937335
932 0.0001185912166573 0.0004185658022344
933 7.286405599207e-05 0.0004598848381344
934 9.168827937613e-05 0.0005210405549045
935 5.982700271935e-05 0.0004211501719152
936 6.936695941285e-05 0.0004759627870316
937 0.000120950924413 0.0004411687736725
938 8.240813525647e-05 0.0004031630542845
939 6.230896592055e-05 0.0004052894840205
940 9.092372898669e-05 0.0004050964647731
941 6.286882022047e-05 0.0003922127918444
942 8.640460017679e-05 0.0004492847788513
943 6.19634370647e-05 0.0004515661675298
944 4.773445525256e-05 0.0004004749081812
945 8.967607303084e-05 0.0004035927848703
946 7.734922693573e-05 0.0003517668428107
947 6.142414495614e-05 0.0003726985392615
948 9.779499476551e-05 0.0005357219072714
949 7.561276609668e-05 0.0004598249040928
950 9.351813251396e-05 0.0004304644304884
951 7.087133956857e-05 0.0003856421579464
952 7.65294317808e-05 0.0003907666265649
953 0.0001265484114444 0.0005601192172486
954 6.516118692061e-05 0.0004368571470311
955 6.211994424594e-05 0.0004276434489677
956 0.000127158898145 0.0004742939508457
957 7.902017196419e-05 0.0003509006665313
958 7.966953590732e-05 0.0004643459133168
959 7.432942472582e-05 0.0004377197258137
960 7.880537653551e-05 0.0004250440175565
961 0.0001119752917675 0.0004360479237764
962 8.138983875037e-05 0.0004627601924359
963 6.398053107963e-05 0.0004114119767836
964 9.414784822612e-05 0.0003960901144656
965 6.545611263394e-05 0.0004401538022769
966 0.0001203833127804 0.0005452653667927
967 8.164540118434e-05 0.0004512625212264
968 6.83746893597e-05 0.0004071672902618
969 0.0001024418785778 0.0005251203307776
970 6.267274740485e-05 0.0004343415323903
971 6.771762516697e-05 0.0004469795137574
972 0.0001110879593415 0.0004675692072491
973 6.959767201476e-05 0.0003866823971693
974 7.696683970807e-05 0.0004520399389759
975 6.737065715615e-05 0.000419322475708
976 6.416328641326e-05 0.0003980911871075
977 0.0001096336243381 0.0004531881566973
978 8.576262531196e-05 0.0004177461686894
979 6.788012760703e-05 0.0004367072007344
980 8.229843291603e-05 0.0003918269649228
981 7.583531908012e-05 0.00041880865462
982 5.759184272075e-05 0.0004094235650037
983 9.630611924552e-05 0.0004811373707199
984 6.424665382599e-05 0.0004344603636815
985 0.0001125992511283 0.0004300131339467
986 7.98235939646e-05 0.0003923110908572
987 5.571321659783e-05 0.0003602394389243
988 9.392898897723e-05 0.0004821301738301
989 7.748674107553e-05 0.0003893026592299
990 6.249144110704e-05 0.0003963458314975
991 0.0001224577658349 0.0004626195639645
992 7.197402184981e-05 0.0004229068793035
993 9.840994047223e-05 0.0005173880369946
994 7.131331177157e-05 0.0004640388094194
995 5.736938360342e-05 0.0004076173995199
996 0.000129625727674 0.0005112431056844
997 7.615707678784e-05 0.0004572724444947
998 6.901955352928e-05 0.0003577126230331
999 0.0001220767669194 0.000579381781131
1000 6.877515583371e-05 0.0004313174727763
1001 0.0001206103838828 0.0005796914998363
1002 8.845882307152e-05 0.0004205299512052
1003 6.888698795391e-05 0.0004064204594629
1004 0.0001122440761932 0.000491617511615
1005 6.839362889552e-05 0.0004197837743597
1006 6.990806583343e-05 0.0004573172981193
1007 0.0001136875101594 0.000454066449932
1008 0.0001026046182272 0.0004044580098252
1009 0.0001040333238167 0.0005205177191522
1010 7.890645768408e-05 0.0004277676760451
1011 7.415885202349e-05 0.0004563168845874
1012 8.76234561233e-05 0.0003236880801502
1013 7.534952000029e-05 0.0003976308497447
1014 6.945738311938e-05 0.0004052327826393
1015 7.503361974993e-05 0.0004548988298575
1016 6.648896020748e-05 0.0004181726778409
1017 8.167273587182e-05 0.0004571400697491
1018 8.687647871425e-05 0.000401461496163
1019 6.753628862698e-05 0.0004357824727391
1020 9.029594895956e-05 0.0004499886225864
1021 7.156036693064e-05 0.0003854559606738
1022 5.812410449398e-05 0.0003775731908
1023 0.000106407387776 0.0004182787662536
1024 8.539559051263e-05 0.0004684752885675
1025 0.0001342159425796 0.0004571490177867
1026 8.076665581918e-05 0.000356765940027
1027 8.547586851937e-05 0.0004149015610305
1028 9.850033094356e-05 0.0005391650874537
1029 7.045919929695e-05 0.0004742875051616
1030 7.394006619479e-05 0.000452151089179
1031 0.0001097787722747 0.0004842911738718
1032 7.661763182279e-05 0.0004433480499645
1033 9.539082134349e-05 0.0004862297342762
1034 7.743525689571e-05 0.0003627365665018
1035 7.018375767381e-05 0.0004112378688021
1036 0.0001007260390506 0.0004942550688472
1037 7.508376355786e-05 0.000414576535073
1038 7.608874473391e-05 0.0004462780565436
1039 8.586535406074e-05 0.0004120189864811
1040 6.496090166815e-05 0.0003798087248418
1041 0.0001052186152979 0.0004986510552331
1042 6.919864728921e-05 0.0004596916912444
1043 6.629885349102e-05 0.0004166525170007
1044 0.0001264533247084 0.0005024928498365
1045 8.529258304074e-05 0.0004164167482169
1046 6.307055662448e-05 0.0003723692828054
1047 9.661498857509e-05 0.0004620026477517
1048 7.173230462625e-05 0.0004209975397149
1049 6.869649666482e-05 0.0003915968042647
1050 0.0001069756215114 0.0004390362695818
1051 7.429537395263e-05 0.0004522894133915
1052 0.0001172755903734 0.0003881600402005
1053 7.707482681758e-05 0.000394384694666
1054 9.418604038876e-05 0.0003565065572995
1055 0.0001601174848743 0.0006128902215038
1056 0.000108418870368 0.0005012161953806
1057 7.70348369173e-05 0.0004462732228616
1058 0.0001482252465719 0.0004477775977383
1059 7.034237396244e-05 0.0004382346014336
1060 0.0001192002674421 0.0005381365168173
1061 8.626560751522e-05 0.0004463833878294
1062 7.208837490056e-05 0.0004738458547239
1063 0.0001451137337253 0.0004816452101351
1064 8.711283190035e-05 0.0003873565273874
1065 6.616411126042e-05 0.0004482614103009
1066 9.678513654469e-05 0.0003979049198057
1067 7.399887230088e-05 0.0003557971950023
1068 7.624086097426e-05 0.000395005550166
1069 7.656326151886e-05 0.0003349748237925
1070 6.222460584481e-05 0.000360806289636
1071 0.0001191870531258 0.0005295298008247
1072 7.68961197596e-05 0.0005012460093807
1073 7.857214245843e-05 0.0004736189335935
1074 0.0001175738078486 0.0005135273776967
1075 7.424348489898e-05 0.0004203072548149
1076 0.0001025296718808 0.0004116323098961
1077 8.165117225317e-05 0.0004581765740465
1078 6.620188282668e-05 0.0003941322480571
1079 0.0001065158418553 0.0004855321849158
1080 7.366606208635e-05 0.0004527242964592
1081 6.013822001962e-05 0.0004017151437356
1082 0.0001130969890595 0.0005187474303219
1083 7.393472451538e-05 0.0004467246042287
1084 9.099974574761e-05 0.0004362799860424
1085 8.379689555782e-05 0.0003661696776693
1086 7.125770289964e-05 0.0003662931197399
1087 9.939041183217e-05 0.0004256297410289
1088 7.347635365482e-05 0.0004139936706451
1089 6.443216664974e-05 0.0003968918424111
1090 7.891176367338e-05 0.0004493785020779
1091 7.464594719094e-05 0.0003992553652083
1092 9.466082006364e-05 0.0003425089907841
1093 7.602251020277e-05 0.0003773777834673
1094 5.694767296243e-05 0.0003692102000917
1095 0.0001031244436366 0.0004000933559037
1096 8.389823389432e-05 0.0004153582625444
1097 7.178538945068e-05 0.0003993507066929
1098 0.0001326605980187 0.0006707677644151
1099 8.084935779078e-05 0.0004521639223856
1100 6.862603636775e-05 0.0004377272358669
1101 8.720641125626e-05 0.0003841181719155
1102 7.749327180843e-05 0.0004312513874449
1103 0.0001133956491503 0.0004351699807095
1104 7.79338498743e-05 0.0003668833452733
1105 7.647414090868e-05 0.0003845907438789
1106 7.609358652808e-05 0.0004150561507126
1107 6.172321571119e-05 0.0003361700786067
1108 5.637610380577e-05 0.0003847335480343
1109 0.0001030552301133 0.0004435951904931
1110 8.790151826374e-05 0.0004390911857552
1111 0.0001196939637303 0.0004982528125855
1112 7.329277194639e-05 0.0003554843813901
1113 6.688080628528e-05 0.0004091359346149
1114 0.000152982616257 0.0004717742897156
1115 9.235897545555e-05 0.0004609867585958
1116 5.399709739448e-05 0.000370662979498
1117 0.0001023279349979 0.0004566614453073
1118 8.176999180088e-05 0.0004036941187348
1119 0.0001346582206265 0.0005053815765758
1120 7.02077208401e-05 0.000422667096391
1121 6.698906105335e-05 0.0003816775705237
1122 0.0001120000944117 0.000566397098202
1123 9.136768514663e-05 0.0004438487573316
1124 6.257500772821e-05 0.0004532080719246
1125 8.222222912371e-05 0.00045553324805
1126 8.717744978917e-05 0.0004350546926349
1127 0.0001131048930959 0.0004467796449964
1128 8.913848202017e-05 0.0003806815758312
1129 5.706243138633e-05 0.0003920344984553
1130 7.375546914345e-05 0.0004219295460536
1131 7.970210877901e-05 0.0004026002660587
1132 5.600878927763e-05 0.0004209616990098
1133 0.0001176747764962 0.0005238164251965
1134 7.340963515565e-05 0.0003726093617729
1135 0.0001275049105496 0.0004505482926685
1136 7.752799063533e-05 0.0004215335979594
1137 6.440162309214e-05 0.0003574573126512
1138 0.000116101833528 0.0005748210925281
1139 6.515128108617e-05 0.0004410757736526
1140 6.380994571368e-05 0.0004551937956093
1141 0.0001010039676961 0.0004096813224626
1142 7.499435646826e-05 0.0003437132077614
1143 0.0001039840089508 0.0005025227304725
1144 6.949074610695e-05 0.0003555045135063
1145 6.651580522565e-05 0.0003104413814863
1146 0.0001100685712769 0.000443142922379
1147 9.705695891254e-05 0.0004169719577642
1148 6.53264102983e-05 0.0003997601891578
1149 9.71057851552e-05 0.0005609765822828
1150 7.619012974523e-05 0.0004731194317349
1151 0.0001300187022282 0.0005178842354781
1152 8.088935742092e-05 0.0003850847580293
1153 5.863896404627e-05 0.0003769744843142
1154 9.536414873448e-05 0.0004308747293066
1155 7.879961310894e-05 0.0003735887973682
1156 5.573955857052e-05 0.0004140636040722
1157 0.0001006390273004 0.0004919314943756
1158 8.146899421713e-05 0.0004783339101686
1159 7.450441059939e-05 0.0004663939120551
1160 0.0001199811657233 0.0003979838802511
1161 8.791051607843e-05 0.000377915816099
1162 8.994469731167e-05 0.0004414361772515
1163 8.221406295467e-05 0.0003658003352302
1164 7.401387581974e-05 0.000370662797551
1165 9.08076319928e-05 0.000475524356429
1166 6.870039401208e-05 0.000448250430037
1167 6.630298674572e-05 0.0003719828782545
1168 8.757468741305e-05 0.0003818997851576
1169 8.284043071315e-05 0.0004590522600714
1170 9.336513382148e-05 0.0004394451305699
1171 8.546361717315e-05 0.0003924391542492
1172 5.660785978105e-05 0.0003885783393424
1173 0.0001156839940261 0.0005114256383656
1174 7.721472345913e-05 0.0004657631613436
1175 8.378330010201e-05 0.0003095556106873
1176 9.158257950084e-05 0.0004525998616743
1177 8.827278051098e-05 0.000454614874972
1178 0.0001138959172778 0.0004656610576751
1179 6.851379501134e-05 0.000296790691487
1180 6.862560961538e-05 0.0003710411058237
1181 0.0001326028324682 0.0004865823573006
1182 8.652724831352e-05 0.0004635401469172
1183 7.071320502183e-05 0.0004143058965008
1184 0.0001076928109969 0.000447662872312
1185 7.975844936783e-05 0.0003783207377979
1186 0.0001444488976385 0.0006110671056617
1187 8.912016366878e-05 0.0004273957163634
1188 6.65193596915e-05 0.0003882166001437
1189 0.0001389247230628 0.0005718012650333
1190 8.098595614535e-05 0.00041377101646
1191 8.256176221268e-05 0.0003816427260457
1192 9.680454178632e-05 0.0004802541642143
1193 8.135629725595e-05 0.0004683027143549
1194 0.0001133409981019 0.0005034806757395
1195 7.296699838992e-05 0.0004224017989972
1196 6.005897712714e-05 0.0004120839292386
1197 0.0001241701152346 0.0005406431209775
1198 7.857149506379e-05 0.0004138233111575
1199 7.451042738457e-05 0.0003411866980435
1200 9.648866247879e-05 0.0004583966190107
1201 9.309773669586e-05 0.0004217193999711
1202 7.559052168506e-05 0.0004139160117226
1203 6.876225133537e-05 0.0004094595542275
1204 6.90785603628e-05 0.0003272048556121
1205 9.652057532684e-05 0.0005101591535593
1206 8.127449854723e-05 0.0004016458145119
1207 6.387647500731e-05 0.0004040981062625
1208 0.0001042906436084 0.0004025816443676
1209 9.152696328125e-05 0.0003785927587323
1210 0.0001077701906422 0.0004631409377317
1211 7.058484308368e-05 0.0003751861575988
1212 5.706948502809e-05 0.0003461478137262
1213 0.0001468319100888 0.0005496582393156
1214 8.10231562881e-05 0.0004553760909724
1215 6.162698493853e-05 0.0004138302711045
1216 0.0001136896631213 0.000473462430067
1217 8.090321618995e-05 0.000394779186709
1218 6.397996090777e-05 0.0003596676889519
1219 8.934246738009e-05 0.0004864207668427
1220 7.207563683676e-05 0.0003985275639547
1221 0.0001011911577627 0.0004646752592026
1222 7.136179992291e-05 0.0003789631438953
1223 5.788897644364e-05 0.0003998906109808
1224 0.0001046114558536 0.000442827388461
1225 9.271624150387e-05 0.0003750402657026
1226 6.321797092761e-05 0.0003503236290551
1227 7.756929099295e-05 0.0003822485476856
1228 6.687755299005e-05 0.0003596980257762
1229 9.534848944893e-05 0.0004985986131481
1230 7.652251476781e-05 0.0004605954360843
1231 6.928022886098e-05 0.0004111085015157
1232 9.743650988685e-05 0.0004666818473101
1233 6.698234228121e-05 0.0004025706673758
1234 5.584812194947e-05 0.0003844344753502
1235 7.837448474898e-05 0.0002888033233261
1236 5.713522601007e-05 0.0003152441535766
1237 0.0001024628644814 0.0005482629375379
1238 7.843131440474e-05 0.0004116391484479
1239 5.968782885694e-05 0.0004292159225168
1240 0.0001154507349718 0.0004490341878168
1241 8.95218383843e-05 0.0003481862418742
1242 8.613818646463e-05 0.0003310713903533
1243 0.0001981949124498 0.0006662418884285
1244 7.695754997954e-05 0.0004797973023135
1245 0.0001070457394418 0.0004478471878157
1246 7.581376631658e-05 0.0004026021201019
1247 5.688092631445e-05 0.0003814646103314
1248 0.0001238176771916 0.000492018370752
1249 7.490445728582e-05 0.0004460450695584
1250 7.335028779285e-05 0.0004185303785643
1251 6.781495276385e-05 0.0003941334773845
1252 6.752855577434e-05 0.0003875509338361
1253 0.0001031708967779 0.0005012535171833
1254 8.586838644273e-05 0.0003676251022762
1255 7.012309439639e-05 0.0003877583711979
1256 0.0001196685957276 0.0004817766557142
1257 7.337830876933e-05 0.0004359565708294
1258 6.575301124396e-05 0.0003875271732101
1259 0.0001074883905229 0.0004692130501601
1260 7.985951859859e-05 0.0004184866730385
1261 8.791033674922e-05 0.0003587304317105
1262 6.367729409577e-05 0.0003787238956065
1263 7.522175195833e-05 0.0003696676995934
1264 9.679195824066e-05 0.0004324101335515
1265 7.2640645019e-05 0.0003606317838267
1266 6.128142155438e-05 0.0003823355348332
1267 7.829005086068e-05 0.0003395777283217
1268 7.424337891158e-05 0.0003775723170431
1269 0.0001576938055854 0.0006171658118325
1270 6.92290057077e-05 0.0004087461883649
1271 8.087742345483e-05 0.0004193107877988
1272 9.373775272974e-05 0.0004445802607453
1273 6.301697121096e-05 0.0004146260339579
1274 6.67515360045e-05 0.000389598129868
1275 9.620859312864e-05 0.0004300291612318
1276 6.873361547951e-05 0.0004109376669043
1277 8.100082972943e-05 0.0004460493610858
1278 7.636745776601e-05 0.0003471900450762
1279 6.25200642142e-05 0.0003772351271399
1280 8.986702678006e-05 0.0003256524036726
1281 6.653679208873e-05 0.0003662875462651
1282 7.790555004826e-05 0.0003442190581616
1283 9.114952948174e-05 0.0004595443764874
1284 6.166170972584e-05 0.0003726552162789
1285 9.625142310556e-05 0.0003913119061924
1286 7.781937714739e-05 0.0002968572537389
1287 6.478567528491e-05 0.0003902477824385
1288 0.0001639998188719 0.0005981161326092
1289 0.0001034258526089 0.0004098723964734
1290 5.970609114183e-05 0.0003425466328214
1291 0.0001524378132739 0.0005258361337665
1292 6.59280932313e-05 0.0003760588743699
1293 0.000122834319324 0.0005629132139285
1294 5.411394877486e-05 0.0004184073867516
1295 5.887209803849e-05 0.0004366640497423
1296 0.0001095563325583 0.0004039660086153
1297 6.737886330803e-05 0.0004186886597302
1298 6.059451923045e-05 0.0003797422456225
1299 8.592088322177e-05 0.0003635407350533
1300 7.624398833184e-05 0.0003579989016447
1301 9.62304991153e-05 0.0004550907469599
1302 7.005642467153e-05 0.0003765191507768
1303 6.719217682825e-05 0.0003861864486889
1304 0.0001111216824759 0.0004889879942279
1305 7.255196183224e-05 0.0003557113672363
1306 5.952632913306e-05 0.0003821575893164
1307 9.534463646878e-05 0.0004478022579226
1308 8.891587628902e-05 0.0004903089843868
1309 9.654984899589e-05 0.0004457612978216
1310 7.116095136482e-05 0.0004120026248284
1311 7.72603967317e-05 0.0004633770310763
1312 0.000128157646905 0.0004805970600692
1313 7.803628040617e-05 0.0003239441300238
1314 5.9695767676e-05 0.0003187175728114
1315 0.0001349976534733 0.0005128552915192
1316 7.75223820762e-05 0.0004000988074801
1317 9.524161977409e-05 0.0004591205982246
1318 6.90970293655e-05 0.0003820436827632
1319 7.10972407285e-05 0.0004276704504224
1320 0.0001236382521175 0.0004503757441603
1321 7.510831640635e-05 0.0003618590421297
1322 6.869077310495e-05 0.0003373866233298
1323 0.0001015568142557 0.0005159442486196
1324 7.340032301154e-05 0.000453297240096
1325 0.0001122933629143 0.0005252702808489
1326 7.063330447189e-05 0.0003734520056022
1327 6.281307142751e-05 0.0004032664032857
1328 0.0001024735589062 0.0004961003503253
1329 7.156176632561e-05 0.0004328684460787
1330 6.939085224435e-05 0.0004366408906432
1331 9.154720227733e-05 0.0003782765422534
1332 7.918443552488e-05 0.0003715290400267
1333 8.521078077318e-05 0.0004700943530245
1334 6.629763621817e-05 0.0003716882647867
1335 6.343936131437e-05 0.0004210518203301
1336 9.377217412164e-05 0.0003725659359611
1337 7.381629862159e-05 0.0004089647336871
1338 6.093334665676e-05 0.0003460822186527
1339 9.399218985901e-05 0.0004972210066234
1340 7.223293915272e-05 0.0004021142017183
1341 0.0001143990680513 0.0004224472236438
1342 8.218049107935e-05 0.0002879773863867
1343 8.04300187117e-05 0.0003612944716019
1344 0.0001143365698204 0.0005373097652355
1345 7.831941443203e-05 0.0004645980032387
1346 5.634196233635e-05 0.0004156903576912
1347 8.933117094081e-05 0.0004881260787993
1348 8.069109042992e-05 0.0004467764588413
1349 0.0001517111577223 0.0004558721925107
1350 8.812758967768e-05 0.0003704823923734
1351 7.346027040783e-05 0.0003180775284199
1352 9.305433137543e-05 0.0004761321373619
1353 7.976778786777e-05 0.000420094242216
1354 6.081428025718e-05 0.0003566317045498
1355 0.0001156319007512 0.0004802481953505
1356 7.960303507143e-05 0.0004006627827192
1357 0.000108648900352 0.0005132890914078
1358 7.641560785251e-05 0.0004102734787146
1359 6.809820444146e-05 0.0003735944459801
1360 0.0001031862671282 0.0004802520796566
1361 7.433226461529e-05 0.0004296295513709
1362 7.142710613234e-05 0.0004002746487968
1363 0.0001674040568385 0.000458138036833
1364 7.561607565697e-05 0.0003487817379394
1365 0.0001204224404759 0.0005684490433988
1366 8.407757160449e-05 0.0004448424455176
1367 6.823473846241e-05 0.0004042088211945
1368 9.672873906841e-05 0.0003652051861731
1369 7.11277604971e-05 0.0003435164693745
1370 7.1649462061e-05 0.0003090412911206
1371 8.939317797083e-05 0.0004140043474218
1372 5.480003019199e-05 0.0004015603594535
1373 0.0001099453127225 0.0003292756120245
1374 7.70543910763e-05 0.0004197332144927
1375 7.262216278511e-05 0.0003668079907438
1376 0.0001312774647212 0.0005558201884058
1377 8.900651321851e-05 0.0004087328766775
1378 5.891385697515e-05 0.0003492007023616
1379 0.0001196754920857 0.0004334404977918
1380 9.60888238608e-05 0.0004108940112613
1381 7.960147220069e-05 0.0004266102165834
1382 7.682315003319e-05 0.000425071308038
1383 8.544941824321e-05 0.0004646760275195
1384 0.0001219794408821 0.0005218455763413
1385 6.130974947771e-05 0.0004251871422844
1386 6.318255052789e-05 0.0004303792566499
1387 0.0001049473415573 0.0003791714314763
1388 7.636186315722e-05 0.0003811203281829
1389 9.273882891943e-05 0.0004201046520054
1390 7.097895562869e-05 0.0003651370370239
1391 6.370216780017e-05 0.000358560399915
1392 8.367204841043e-05 0.0004702389960535
1393 7.541114857377e-05 0.0004265472460143
1394 6.133448478602e-05 0.0003898606190933
1395 6.612299018625e-05 0.0003790661219443
1396 6.327986133559e-05 0.0003646566717593
1397 0.000125323553257 0.0004501202638385
1398 8.628800864708e-05 0.0004402532318614
1399 5.992837365237e-05 0.0003957127642933
1400 0.0001204645610806 0.0005152119769411
1401 7.162800642507e-05 0.0003734107876249
1402 7.522283676194e-05 0.0003983396530222
1403 0.0001208824081354 0.0004783942199425
1404 6.650415585462e-05 0.0003382781596819
1405 6.079689738785e-05 0.0003126412032467
1406 8.381344455836e-05 0.0004031717655585
1407 7.20821049406e-05 0.000413211225469
1408 0.0001093595105871 0.0004889350333169
1409 7.886372473645e-05 0.0004381834982996
1410 7.010011491028e-05 0.0004060301411383
1411 0.0001191356070379 0.0004790845946992
1412 9.012638663782e-05 0.0004020136598961
1413 6.429234709053e-05 0.0004181862904882
1414 9.155282257484e-05 0.0004384691468525
1415 7.379610657611e-05 0.0004399484900882
1416 0.0001040416970553 0.0004715085705645
1417 6.646098461473e-05 0.000384332711228
1418 7.903070839383e-05 0.0003778348211205
1419 0.0001199903777592 0.0003831397721972
1420 7.697328467112e-05 0.0003346658085832
1421 7.073123418292e-05 0.0003375863918491
1422 0.0001010371302326 0.0004667849762913
1423 8.858778026167e-05 0.0004277868837379
1424 8.441987789412e-05 0.0004052121100938
1425 7.723604330212e-05 0.000384864785837
1426 7.023789092475e-05 0.0003899992822335
1427 7.358253420603e-05 0.0004178001577037
1428 6.193733592506e-05 0.0004073296372019
1429 6.220991160616e-05 0.0004037608086023
1430 0.000112111694636 0.0004354914201586
1431 8.890253357714e-05 0.0004435455629815
1432 0.0001001728083714 0.0004217698446924
1433 8.276372882741e-05 0.0003465446279636
1434 6.78252542479e-05 0.0003404329900855
1435 9.185164700847e-05 0.000324729054571
1436 8.710353978935e-05 0.0003649804208081
1437 6.034659609483e-05 0.0003570005348525
1438 0.0001066515522873 0.0004156300722645
1439 7.930597810046e-05 0.0004164987956681
1440 0.0001107722360078 0.0004925884062006
1441 7.623395572658e-05 0.0003946636869435
1442 5.18495850099e-05 0.0003480949156747
1443 9.323739169466e-05 0.0004451574153784
1444 8.978812945637e-05 0.0004824928426528
1445 6.992437525366e-05 0.0003045981567102
1446 9.208762914454e-05 0.0004696085661802
1447 7.516684054359e-05 0.0003725340964751
1448 5.966904947529e-05 0.0003456662581547
1449 8.407848842675e-05 0.0003666577014727
1450 7.570231371535e-05 0.0004169519273117
1451 0.0001213901449577 0.0004743690167753
1452 0.0001060376024529 0.0004913533128719
1453 6.827830048176e-05 0.0003809224233896
1454 0.0001010156940655 0.0004435857725052
1455 6.549380330507e-05 0.0003656159253149
1456 6.861787130822e-05 0.0003447442948379
1457 9.957284521145e-05 0.0004004851587818
1458 8.216349225883e-05 0.0003917168419478
1459 8.376918558851e-05 0.0004129815245374
1460 6.713443570035e-05 0.0004027026752529
1461 6.256375394722e-05 0.0003912217074088
1462 0.0001253139855477 0.0005471687613444
1463 7.993894580655e-05 0.0004460507407274
1464 6.459423687036e-05 0.0004287598526581
1465 0.0001560265659655 0.0005032167513977
1466 6.189545949866e-05 0.0004028169514111
1467 0.0001094776208958 0.0004980860069501
1468 6.363887356564e-05 0.0004055171081208
1469 7.249793446307e-05 0.0004348648178441
1470 0.0001228871674003 0.0004794547811859
1471 8.324481894124e-05 0.0003730611370867
1472 7.740918555759e-05 0.0003932518209697
1473 7.452588593966e-05 0.0003621009894219
1474 7.73169394378e-05 0.0003509760731533
1475 8.901261764912e-05 0.0003885230930869
1476 6.106146364256e-05 0.0004006635118038
1477 6.007726104702e-05 0.0003982330933641
1478 9.15206360878e-05 0.0004426971642051
1479 7.761710413253e-05 0.0003877244637035
1480 6.041374629276e-05 0.0003901927074551
