1 0.0001000291064134 6.532069413656e-05
2 0.0007611142227092 0.00046539735129
3 0.004392747656008 0.002649961527803
4 0.02013970027364 0.01196509956307
5 0.09701889380313 0.0602327898174
6 0.187550671027 0.104032698357
7 0.5711749153789 0.4095750595751
8 0.2368938286848 0.1289878847344
9 0.2276565512291 0.1243947323227
10 0.1056821010386 0.08654591837744
11 0.06220171610066 0.05009139552697
12 0.02903157587784 0.02056528481915
13 0.02959275959247 0.01896750766364
14 0.04595899090762 0.02483079199539
15 0.06575565655523 0.03891153556458
16 0.10394656486 0.06033423193582
17 0.1243961805688 0.07099010462764
18 0.157810521007 0.09391017534385
19 0.1577894460745 0.08865352092752
20 0.1447985153395 0.08506377763848
21 0.1434286401633 0.08106849671569
22 0.1340050240002 0.0786403863637
23 0.1312383643809 0.07462755555915
24 0.12020525565 0.0701330578186
25 0.1167586867369 0.06688694435377
26 0.1068398096871 0.06204655575867
27 0.1027691640782 0.05932641452057
28 0.09335439340347 0.05390815697564
29 0.08878615905531 0.05168459106037
30 0.08001805269467 0.0459089202016
31 0.07510782159204 0.0441211413472
32 0.06704374015923 0.03816617072045
33 0.06196307506602 0.03676662779256
34 0.0546949657477 0.03083290861567
35 0.0496407472772 0.02979022325387
36 0.04326644797843 0.02407685522282
37 0.0384515241931 0.02337998637044
38 0.03305620345607 0.01806512787355
39 0.02868776251602 0.01771877612447
40 0.02431887044664 0.01293689453843
41 0.02056630554225 0.01294870841617
42 0.0172128563694 0.008773424843313
43 0.01417704113866 0.009137277953041
44 0.01176261341372 0.00557782909397
45 0.009461576770819 0.006260941086768
46 0.007854246357661 0.003276133881551
47 0.006232060836829 0.004214869482737
48 0.005263940506392 0.001744933715804
49 0.004212937450014 0.002843433116118
50 0.003697385690858 0.0008712357985839
51 0.003075670318354 0.00197626346318
52 0.002826420778239 0.0006026969223091
53 0.002477960472448 0.001456475760655
54 0.002348096113156 0.0006681712168118
55 0.002144269295254 0.001156842279816
56 0.002054167021445 0.0007484097673238
57 0.001918994607093 0.0009859207189643
58 0.001840010493178 0.0007835411555894
59 0.001738066303162 0.0008856144244908
60 0.001663902798873 0.0007862044678138
61 0.001580235625955 0.0008226788394573
62 0.00151090276116 0.0007721193109288
63 0.001439108158822 0.0007793755142256
64 0.001375380522405 0.0007512004799555
65 0.001312440474028 0.0007466350991795
66 0.001254640928201 0.0007285992913809
67 0.001198918333152 0.0007199451870925
68 0.00114692657459 0.0007066425615964
69 0.001097385004028 0.0006970835730134
70 0.001050836059985 0.0006862078731346
71 0.001006720504606 0.0006769313030304
72 0.0009651515586231 0.0006675058819244
73 0.0009258516128213 0.0006588820262652
74 0.0008887811849248 0.00065047383135
75 0.0008537713715027 0.0006425641427119
76 0.0008207357077051 0.0006349554911129
77 0.0007895493664079 0.0006277171088048
78 0.0007601168895017 0.0006207762319838
79 0.0007323343990715 0.0006141386649811
80 0.0007061100858182 0.0006077710074306
81 0.0006813529043063 0.000601662524762
82 0.000657978375207 0.0005957928341215
83 0.0006359052917451 0.0005901483588541
84 0.0006150571940029 0.000584713855339
85 0.000595361373867 0.0005794765306612
86 0.0005767491422724 0.0005744238900677
87 0.0005591554616234 0.0005695446775124
88 0.0005425188968833 0.0005648283193745
89 0.0005267814135615 0.0005602650930753
90 0.0005118882538955 0.0005558459584959
91 0.0004977877800014 0.0005515625533004
92 0.0004844313373009 0.0005474071183708
93 0.0004717731134003 0.0005433724606854
94 0.0004597700041295 0.0005394519045773
95 0.0004483814815244 0.0005356392530954
96 0.0004375694662356 0.0005319287495378
97 0.0004272982033565 0.0005283150432161
98 0.0004175341422047 0.0005247931574096
99 0.0004082458199131 0.0005213584600806
100 0.0003994037489538 0.0005180066368782
101 0.0003909803086167 0.0005147336663393
102 0.0003829496404798 0.0005115357971081
103 0.0003752875478983 0.0005084095270088
104 0.000367971399528 0.0005053515838358
105 0.0003609800368849 0.0005023589077139
106 0.0003542936859351 0.0004994286349045
107 0.0003478938726888 0.0004965580829429
108 0.000341763342766 0.0004937447369911
109 0.0003358859848822 0.0004909862373039
110 0.00033024675819 0.0004882803677256
111 0.0003248316234026 0.0004856250451182
112 0.0003196274776141 0.0004830183096433
113 0.0003146220927098 0.0004804583158431
114 0.0003098040572712 0.0004779433244231
115 0.0003051627218491 0.000475471694709
116 0.0003006881474913 0.0004730418776919
117 0.0002963710573941 0.0004706524096316
118 0.0002922027915431 0.0004683019061707
119 0.0002881752642208 0.0004659890568943
120 0.0002842809242343 0.0004637126203266
121 0.0002805127177349 0.0004614714193124
122 0.0002768640534967 0.0004592643367485
123 0.0002733287705181 0.0004570903116461
124 0.0002699011078194 0.000454948335489
125 0.0002665756763095 0.000452837448866
126 0.0002633474325998 0.0004507567383538
127 0.0002602116546464 0.0004487053336301
128 0.0002571639191017 0.0004466824048088
129 0.0002542000802838 0.0004446871599411
130 0.000251316250628 0.0004427188427392
131 0.0002485087825592 0.0004407767304182
132 0.0002457742516564 0.0004388601317291
133 0.0002431094410453 0.0004369683851012
134 0.0002405113269193 0.0004351008569352
135 0.0002379770651196 0.0004332569399962
136 0.0002355039786896 0.0004314360519352
137 0.0002330895463471 0.0004296376338914
138 0.0002307313917932 0.0004278611492063
139 0.0002284272738118 0.000426106082207
140 0.0002261750770887 0.0004243719370849
141 0.0002239728037078 0.0004226582368372
142 0.0002218185652702 0.0004209645222755
143 0.0002197105755846 0.0004192903511131
144 0.0002176471439007 0.0004176352970872
145 0.0002156266686267 0.0004159989491558
146 0.0002136476315103 0.0004143809107358
147 0.0002117085922377 0.0004127807989891
148 0.0002098081834284 0.0004111982441496
149 0.0002079451059847 0.0004096328888961
150 0.0002061181247776 0.0004080843877651
151 0.000204326064647 0.0004065524065797
152 0.000202567806675 0.0004050366219411
153 0.0002008422847348 0.0004035367207267
154 0.0001991484822777 0.0004020523996222
155 0.0001974854293454 0.0004005833646893
156 0.0001958521997928 0.000399129330946
157 0.0001942479087027 0.0003976900219785
158 0.0001926717099798 0.0003962651695677
159 0.0001911227941057 0.0003948545133476
160 0.0001896003860549 0.0003934578004642
161 0.0001881037433423 0.0003920747852724
162 0.00018663215421 0.0003907052290324
163 0.0001851849359292 0.0003893488996349
164 0.0001837614332175 0.000388005571333
165 0.0001823610167619 0.0003866750244863
166 0.000180983081831 0.0003853570453296
167 0.000179627046988 0.0003840514257363
168 0.0001782923528741 0.0003827579630107
169 0.0001769784610788 0.0003814764596789
170 0.0001756848530782 0.00038020672329
171 0.0001744110292352 0.0003789485662413
172 0.0001731565078712 0.0003777018055881
173 0.0001719208243846 0.0003764662628865
174 0.0001707035304303 0.0003752417640275
175 0.0001695041931445 0.0003740281390847
176 0.0001683223944173 0.0003728252221705
177 0.0001671577302083 0.0003716328512941
178 0.0001660098099022 0.0003704508682305
179 0.0001648782556984 0.0003692791183977
180 0.0001637627020445 0.0003681174507235
181 0.0001626627950887 0.0003669657175451
182 0.0001615781921759 0.000365823774487
183 0.0001605085613631 0.000364691480359
184 0.0001594535809641 0.0003635686970567
185 0.0001584129391211 0.0003624552894604
186 0.0001573863333961 0.0003613511253432
187 0.0001563734703841 0.0003602560752861
188 0.0001553740653501 0.000359170012585
189 0.0001543878418807 0.000358092813176
190 0.0001534145315574 0.0003570243555502
191 0.0001524538736422 0.0003559645206843
192 0.0001515056147844 0.0003549131919624
193 0.000150569508736 0.0003538702551114
194 0.0001496453160871 0.0003528355981294
195 0.0001487328040079 0.0003518091112258
196 0.0001478317460113 0.0003507906867526
197 0.0001469419217149 0.0003497802191556
198 0.0001460631166289 0.0003487776049042
199 0.0001451951219396 0.000347782742447
200 0.0001443377343142 0.0003467955321507
201 0.0001434907557056 0.0003458158762563
202 0.0001426539931748 0.000344843678819
203 0.0001418272587102 0.0003438788456751
204 0.0001410103690681 0.0003429212843807
205 0.0001402031456074 0.0003419709041787
206 0.0001394054141398 0.0003410276159513
207 0.0001386170047842 0.0003400913321768
208 0.0001378377518249 0.0003391619668945
209 0.0001370674935792 0.0003382394356621
210 0.0001363060722677 0.0003373236555195
211 0.0001355533338908 0.0003364145449559
212 0.0001348091281135 0.0003355120238663
213 0.0001340733081467 0.0003346160135289
214 0.0001333457306419 0.0003337264365645
215 0.0001326262555854 0.0003328432169074
216 0.0001319147461974 0.000331966279774
217 0.0001312110688345 0.000331095551635
218 0.0001305150928984 0.0003302309601843
219 0.0001298266907429 0.0003293724343144
220 0.0001291457375923 0.0003285199040824
221 0.0001284721114532 0.0003276733006945
222 0.0001278056930382 0.0003268325564699
223 0.0001271463656866 0.0003259976048239
224 0.0001264940152907 0.0003251683802397
225 0.0001258485302247 0.0003243448182459
226 0.0001252098012735 0.000323526855396
227 0.0001245777215687 0.0003227144292431
228 0.0001239521865213 0.0003219074783222
229 0.0001233330937607 0.0003211059421272
230 0.0001227203430758 0.000320309761091
231 0.0001221138363547 0.0003195188765657
232 0.0001215134775289 0.000318733230807
233 0.000120919172522 0.0003179527669479
234 0.0001203308291916 0.0003171774289916
235 0.0001197483572843 0.0003164071617836
236 0.0001191716683828 0.0003156419110013
237 0.0001186006758592 0.0003148816231364
238 0.0001180352948317 0.000314126245473
239 0.0001174754421148 0.0003133757260815
240 0.0001169210361806 0.0003126300137971
241 0.0001163719971157 0.0003118890582036
242 0.0001158282465798 0.0003111528096243
243 0.0001152897077681 0.0003104212191025
244 0.0001147563053714 0.000309694238392
245 0.0001142279655403 0.0003089718199406
246 0.0001137046158503 0.0003082539168773
247 0.0001131861852643 0.0003075404830029
248 0.0001126726041036 0.0003068314727694
249 0.0001121638040092 0.0003061268412794
250 0.0001116597179157 0.0003054265442636
251 0.0001111602800169 0.0003047305380754
252 0.000110665425738 0.0003040387796767
253 0.0001101750917058 0.0003033512266276
254 0.0001096892157198 0.0003026678370774
255 0.0001092077367267 0.0003019885697496
256 0.000108730594792 0.0003013133839362
257 0.0001082577310743 0.0003006422394869
258 0.0001077890878034 0.000299975096793
259 0.0001073246082487 0.0002993119167903
260 0.0001068642367059 0.0002986526609333
261 0.0001064079184625 0.0002979972912035
262 0.0001059555997852 0.0002973457700851
263 0.0001055072278904 0.0002966980605677
264 0.0001050627509297 0.000296054126128
265 0.0001046221179629 0.000295413930731
266 0.0001041852789438 0.000294777438812
267 0.0001037521846947 0.0002941446152791
268 0.0001033227868936 0.0002935154254933
269 0.0001028970380499 0.0002928898352724
270 0.0001024748914897 0.0002922678108762
271 0.0001020563013386 0.0002916493189995
272 0.000101641222501 0.0002910343267699
273 0.0001012296106496 0.0002904228017316
274 0.0001008214222006 0.0002898147118514
275 0.0001004166143066 0.0002892100254983
276 0.0001000151448349 0.0002886087114461
277 9.961697235651e-05 0.0002880107388627
278 9.922205612866e-05 0.0002874160773055
279 9.883035608062e-05 0.0002868246967154
280 9.84418328038e-05 0.0002862365674057
281 9.805644753211e-05 0.0002856516600647
282 9.767416213353e-05 0.0002850699457433
283 9.729493909456e-05 0.0002844913958504
284 9.691874150912e-05 0.0002839159821488
285 9.654553306515e-05 0.0002833436767484
286 9.617527803233e-05 0.0002827744521026
287 9.580794125333e-05 0.0002822082809979
288 9.544348812832e-05 0.0002816451365556
289 9.50818846057e-05 0.0002810849922225
290 9.472309717266e-05 0.0002805278217645
291 9.436709284198e-05 0.0002799735992668
292 9.401383914247e-05 0.0002794222991246
293 9.366330411075e-05 0.000278873896039
294 9.331545627836e-05 0.0002783283650147
295 9.297026466471e-05 0.000277785681352
296 9.262769876499e-05 0.000277245820646
297 9.228772854373e-05 0.0002767087587793
298 9.195032442545e-05 0.0002761744719171
299 9.161545728231e-05 0.0002756429365081
300 9.128309843093e-05 0.000275114129273
301 9.095321961974e-05 0.0002745880272067
302 9.062579302277e-05 0.0002740646075703
303 9.030079123116e-05 0.0002735438478894
304 8.997818724613e-05 0.0002730257259478
305 8.965795446976e-05 0.0002725102197872
306 8.93400666975e-05 0.0002719973077013
307 8.902449811475e-05 0.0002714869682293
308 8.871122328334e-05 0.0002709791801598
309 8.84002171394e-05 0.00027047392252
310 8.809145498568e-05 0.0002699711745746
311 8.778491248307e-05 0.0002694709158242
312 8.74805656446e-05 0.000268973126001
313 8.717839083228e-05 0.0002684777850616
314 8.687836474537e-05 0.000267984873191
315 8.65804644184e-05 0.0002674943707942
316 8.628466721385e-05 0.0002670062584928
317 8.599095081567e-05 0.0002665205171266
318 8.569929322553e-05 0.000266037127744
319 8.540967275469e-05 0.0002655560716046
320 8.512206801902e-05 0.0002650773301755
321 8.483645793721e-05 0.0002646008851223
322 8.455282171921e-05 0.0002641267183168
323 8.427113886574e-05 0.0002636548118255
324 8.399138916355e-05 0.0002631851479088
325 8.371355267605e-05 0.0002627177090227
326 8.343760974372e-05 0.0002622524778093
327 8.316354097588e-05 0.0002617894371001
328 8.289132724678e-05 0.0002613285699103
329 8.262094969308e-05 0.0002608698594362
330 8.235238970549e-05 0.000260413289056
331 8.208562892821e-05 0.0002599588423227
332 8.182064925386e-05 0.0002595065029632
333 8.155743281613e-05 0.0002590562548801
334 8.129596199065e-05 0.0002586080821426
335 8.103621938572e-05 0.0002581619689908
336 8.077818784497e-05 0.0002577178998261
337 8.05218504354e-05 0.0002572758592179
338 8.026719045096e-05 0.0002568358318928
339 8.001419140499e-05 0.0002563978027378
340 7.976283702593e-05 0.000255961756798
341 7.951311125749e-05 0.0002555276792707
342 7.926499824998e-05 0.0002550955555098
343 7.901848236382e-05 0.0002546653710141
344 7.877354815765e-05 0.0002542371114378
345 7.853018039342e-05 0.0002538107625758
346 7.828836402538e-05 0.0002533863103745
347 7.80480842042e-05 0.0002529637409176
348 7.780932627e-05 0.0002525430404317
349 7.757207574784e-05 0.0002521241952843
350 7.733631834808e-05 0.0002517071919798
351 7.710203996279e-05 0.0002512920171569
352 7.686922666018e-05 0.000250878657591
353 7.663786468523e-05 0.0002504671001879
354 7.640794045647e-05 0.0002500573319831
355 7.617944055873e-05 0.0002496493401463
356 7.595235174847e-05 0.0002492431119675
357 7.572666094308e-05 0.0002488386348684
358 7.550235522396e-05 0.0002484358963917
359 7.527942183131e-05 0.0002480348842041
360 7.505784816354e-05 0.0002476355860921
361 7.483762177211e-05 0.0002472379899633
362 7.461873036139e-05 0.0002468420838427
363 7.440116178607e-05 0.0002464478558718
364 7.418490404815e-05 0.0002460552943079
365 7.39699452945e-05 0.0002456643875223
366 7.375627381673e-05 0.0002452751239967
367 7.354387804556e-05 0.0002448874923267
368 7.333274655214e-05 0.0002445014812157
369 7.312286804407e-05 0.0002441170794749
370 7.291423136392e-05 0.0002437342760231
371 7.270682548466e-05 0.0002433530598883
372 7.250063951485e-05 0.0002429734201952
373 7.229566268768e-05 0.0002425953461782
374 7.209188436416e-05 0.0002422188271724
375 7.188929403317e-05 0.0002418438526094
376 7.168788130228e-05 0.0002414704120269
377 7.148763590385e-05 0.0002410984950557
378 7.128854768856e-05 0.000240728091426
379 7.109060662682e-05 0.0002403591909611
380 7.089380280137e-05 0.0002399917835849
381 7.06981264134e-05 0.0002396258593086
382 7.050356777539e-05 0.0002392614082385
383 7.031011731083e-05 0.0002388984205741
384 7.011776555315e-05 0.0002385368866024
385 6.992650314267e-05 0.0002381767967028
386 6.973632083044e-05 0.0002378181413372
387 6.954720946584e-05 0.000237460911063
388 6.935916000757e-05 0.0002371050965175
389 6.917216351381e-05 0.0002367506884248
390 6.898621114395e-05 0.0002363976775941
391 6.880129415643e-05 0.0002360460549164
392 6.861740390641e-05 0.0002356958113679
393 6.843453184706e-05 0.0002353469380031
394 6.825266952733e-05 0.0002349994259568
395 6.807180858787e-05 0.0002346532664455
396 6.789194076172e-05 0.0002343084507638
397 6.771305787518e-05 0.0002339649702825
398 6.753515184343e-05 0.0002336228164496
399 6.735821466973e-05 0.0002332819807904
400 6.718223844617e-05 0.0002329424549033
401 6.700721534888e-05 0.0002326042304637
402 6.683313764253e-05 0.0002322672992157
403 6.665999767276e-05 0.0002319316529802
404 6.648778786735e-05 0.0002315972836508
405 6.631650074111e-05 0.0002312641831847
406 6.614612888178e-05 0.000230932343619
407 6.59766649639e-05 0.0002306017570515
408 6.58081017346e-05 0.0002302724156554
409 6.564043202292e-05 0.0002299443116663
410 6.547364873105e-05 0.0002296174373905
411 6.530774483807e-05 0.000229291785199
412 6.514271339652e-05 0.0002289673475295
413 6.497854753398e-05 0.0002286441168826
414 6.481524044833e-05 0.000228322085825
415 6.465278540965e-05 0.0002280012469865
416 6.449117575937e-05 0.0002276815930587
417 6.433040490683e-05 0.0002273631167968
418 6.417046633234e-05 0.0002270458110149
419 6.401135358199e-05 0.0002267296685901
420 6.385306026807e-05 0.0002264146824607
421 6.369558007237e-05 0.00022610084562
422 6.353890673784e-05 0.0002257881511249
423 6.338303407566e-05 0.0002254765920858
424 6.322795595616e-05 0.0002251661616759
425 6.307366631576e-05 0.0002248568531212
426 6.292015915105e-05 0.0002245486597063
427 6.276742852126e-05 0.000224241574769
428 6.261546854447e-05 0.0002239355917048
429 6.246427339776e-05 0.0002236307039642
430 6.23138373195e-05 0.0002233269050483
431 6.216415460463e-05 0.0002230241885128
432 6.201521960407e-05 0.00022272254797
433 6.186702672755e-05 0.0002224219770795
434 6.171957044031e-05 0.0002221224695542
435 6.157284526061e-05 0.0002218240191606
436 6.142684576551e-05 0.0002215266197112
437 6.128156658045e-05 0.0002212302650739
438 6.113700238893e-05 0.0002209349491618
439 6.099314792364e-05 0.0002206406659399
440 6.084999797127e-05 0.00022034740942
441 6.070754736818e-05 0.0002200551736632
442 6.05657910026e-05 0.0002197639527772
443 6.04247238107e-05 0.0002194737409192
444 6.028434078035e-05 0.0002191845322896
445 6.014463694773e-05 0.0002188963211359
446 6.000560739546e-05 0.0002186091017535
447 5.986724725586e-05 0.0002183228684804
448 5.972955170633e-05 0.000218037615701
449 5.959251597227e-05 0.0002177533378434
450 5.945613532409e-05 0.0002174700293791
451 5.932040507854e-05 0.0002171876848227
452 5.918532059546e-05 0.0002169062987337
453 5.905087727942e-05 0.0002166258657133
454 5.89170705803e-05 0.0002163463804031
455 5.878389598947e-05 0.0002160678374885
456 5.865134904187e-05 0.0002157902316948
457 5.85194253134e-05 0.0002155135577899
458 5.838812042227e-05 0.0002152378105809
459 5.825743003049e-05 0.0002149629849124
460 5.812734983488e-05 0.0002146890756757
461 5.799787557896e-05 0.0002144160777935
462 5.78690030407e-05 0.0002141439862334
463 5.774072804096e-05 0.0002138727959974
464 5.761304643837e-05 0.000213602502127
465 5.748595412936e-05 0.0002133330997022
466 5.735944704746e-05 0.000213064583841
467 5.723352116626e-05 0.0002127969496962
468 5.710817249538e-05 0.0002125301924569
469 5.698339707856e-05 0.0002122643073533
470 5.685919099969e-05 0.0002119992896461
471 5.673555037656e-05 0.0002117351346331
472 5.661247136236e-05 0.0002114718376484
473 5.648995014429e-05 0.0002112093940621
474 5.63679829463e-05 0.0002109477992756
475 5.624656602527e-05 0.000210687048727
476 5.612569567225e-05 0.0002104271378868
477 5.600536821078e-05 0.0002101680622614
478 5.588557999836e-05 0.0002099098173884
479 5.576632742572e-05 0.0002096523988385
480 5.564760691486e-05 0.0002093958022154
481 5.552941491935e-05 0.0002091400231564
482 5.541174792572e-05 0.0002088850573288
483 5.529460245068e-05 0.0002086309004333
484 5.517797504298e-05 0.0002083775481997
485 5.506186228009e-05 0.0002081249963926
486 5.494626077118e-05 0.0002078732408044
487 5.483116715518e-05 0.0002076222772586
488 5.471657810035e-05 0.0002073721016096
489 5.460249030213e-05 0.000207122709744
490 5.448890048914e-05 0.0002068740975724
491 5.437580541579e-05 0.0002066262610392
492 5.426320186444e-05 0.0002063791961177
493 5.415108664566e-05 0.0002061328988099
494 5.40394565999e-05 0.0002058873651443
495 5.392830859259e-05 0.0002056425911795
496 5.381763951575e-05 0.000205398573004
497 5.370744629111e-05 0.0002051553067296
498 5.359772586312e-05 0.0002049127885011
499 5.348847520561e-05 0.0002046710144864
500 5.337969131718e-05 0.0002044299808818
501 5.327137122164e-05 0.0002041896839107
502 5.316351196794e-05 0.0002039501198243
503 5.305611063184e-05 0.0002037112848974
504 5.294916431148e-05 0.0002034731754337
505 5.284267013153e-05 0.0002032357877609
506 5.273662523986e-05 0.0002029991182336
507 5.263102680933e-05 0.0002027631632304
508 5.252587203603e-05 0.0002025279191564
509 5.24211581386e-05 0.0002022933824422
510 5.231688236095e-05 0.0002020595495408
511 5.221304196851e-05 0.0002018264169321
512 5.210963425003e-05 0.0002015939811193
513 5.200665651698e-05 0.0002013622386299
514 5.190410610392e-05 0.0002011311860135
515 5.180198036446e-05 0.0002009008198481
516 5.170027667775e-05 0.00020067113673
517 5.15989924428e-05 0.0002004421332816
518 5.149812508064e-05 0.0002002138061471
519 5.139767203181e-05 0.0001999861519956
520 5.129763076054e-05 0.0001997591675158
521 5.11979987498e-05 0.0001995328494212
522 5.109877350331e-05 0.0001993071944475
523 5.099995254689e-05 0.0001990821993501
524 5.090153342396e-05 0.0001988578609095
525 5.080351369947e-05 0.0001986341759259
526 5.07058909582e-05 0.0001984111412208
527 5.060866280201e-05 0.0001981887536399
528 5.051182685645e-05 0.0001979670100453
529 5.041538076275e-05 0.0001977459073238
530 5.031932218107e-05 0.0001975254423824
531 5.022364879287e-05 0.0001973056121469
532 5.012835829677e-05 0.0001970864135646
533 5.003344840772e-05 0.0001968678436049
534 4.993891686226e-05 0.0001966498992542
535 4.984476141351e-05 0.00019643257752
536 4.975097983126e-05 0.0001962158754307
537 4.965756990546e-05 0.0001959997900317
538 4.956452944064e-05 0.000195784318391
539 4.94718562611e-05 0.0001955694575933
540 4.937954820706e-05 0.0001953552047434
541 4.928760313565e-05 0.0001951415569651
542 4.919601892118e-05 0.0001949285114007
543 4.910479345429e-05 0.0001947160652114
544 4.901392464245e-05 0.000194504215576
545 4.89234104094e-05 0.0001942929596929
546 4.88332486942e-05 0.0001940822947776
547 4.874343745365e-05 0.0001938722180635
548 4.865397465751e-05 0.0001936627268043
549 4.856485829519e-05 0.0001934538182663
550 4.84760863681e-05 0.0001932454897385
551 4.838765689413e-05 0.0001930377385254
552 4.829956790732e-05 0.0001928305619476
553 4.821181745573e-05 0.0001926239573447
554 4.812440360241e-05 0.0001924179220724
555 4.803732442617e-05 0.0001922124535025
556 4.795057802036e-05 0.0001920075490238
557 4.786416249037e-05 0.0001918032060441
558 4.777807595914e-05 0.0001915994219844
559 4.769231656256e-05 0.0001913961942835
560 4.760688244976e-05 0.0001911935203965
561 4.752177178644e-05 0.0001909913977931
562 4.743698274845e-05 0.0001907898239616
563 4.73525135286e-05 0.0001905887964032
564 4.726836233133e-05 0.0001903883126365
565 4.718452737584e-05 0.0001901883701947
566 4.710100689331e-05 0.0001899889666272
567 4.701779912824e-05 0.0001897900994995
568 4.693490234008e-05 0.0001895917663894
569 4.685231479899e-05 0.0001893939648923
570 4.67700347895e-05 0.0001891966926167
571 4.668806060696e-05 0.0001889999471891
572 4.660639056172e-05 0.0001888037262461
573 4.652502297523e-05 0.0001886080274419
574 4.644395618074e-05 0.0001884128484453
575 4.636318852542e-05 0.0001882181869377
576 4.628271836818e-05 0.0001880240406147
577 4.620254407683e-05 0.0001878304071902
578 4.612266403631e-05 0.0001876372843854
579 4.604307663868e-05 0.0001874446699412
580 4.596378029095e-05 0.0001872525616091
581 4.588477341212e-05 0.0001870609571527
582 4.580605442716e-05 0.000186869854356
583 4.572762177843e-05 0.00018667925101
584 4.564947391755e-05 0.0001864891449207
585 4.557160930769e-05 0.0001862995339066
586 4.549402642048e-05 0.0001861104158036
587 4.541672374248e-05 0.0001859217884554
588 4.533969976888e-05 0.0001857336497209
589 4.52629530051e-05 0.000185545997473
590 4.518648196897e-05 0.0001853588295952
591 4.511028518761e-05 0.0001851721439848
592 4.503436119949e-05 0.0001849859385511
593 4.495870855288e-05 0.0001848002112167
594 4.488332580621e-05 0.0001846149599161
595 4.480821152923e-05 0.0001844301825951
596 4.47333642992e-05 0.0001842458772147
597 4.465878270764e-05 0.0001840620417433
598 4.458446535116e-05 0.0001838786741663
599 4.451041084087e-05 0.0001836957724763
600 4.443661779279e-05 0.0001835133346832
601 4.436308483814e-05 0.0001833313588019
602 4.428981061222e-05 0.000183149842865
603 4.421679376332e-05 0.0001829687849137
604 4.414403294861e-05 0.0001827881830006
605 4.407152683472e-05 0.0001826080351895
606 4.399927409462e-05 0.0001824283395592
607 4.392727341508e-05 0.0001822490941941
608 4.385552348947e-05 0.0001820702971925
609 4.37840230197e-05 0.0001818919466649
610 4.371277071813e-05 0.0001817140407299
611 4.364176530493e-05 0.0001815365775197
612 4.357100550956e-05 0.0001813595551754
613 4.350049006877e-05 0.0001811829718506
614 4.343021773031e-05 0.0001810068257082
615 4.336018724947e-05 0.0001808311149213
616 4.329039738921e-05 0.0001806558376749
617 4.322084692176e-05 0.0001804809921634
618 4.315153462883e-05 0.0001803065765905
619 4.308245929589e-05 0.0001801325891752
620 4.301361972264e-05 0.0001799590281392
621 4.29450147131e-05 0.0001797858917198
622 4.287664308066e-05 0.0001796131781622
623 4.280850364661e-05 0.0001794408857212
624 4.274059523779e-05 0.0001792690126653
625 4.267291669427e-05 0.0001790975572654
626 4.260546685755e-05 0.0001789265178106
627 4.25382445822e-05 0.0001787558925928
628 4.247124872724e-05 0.0001785856799179
629 4.240447816089e-05 0.0001784158780981
630 4.233793175686e-05 0.0001782464854595
631 4.227160839909e-05 0.0001780775003327
632 4.220550697791e-05 0.0001779089210594
633 4.213962638897e-05 0.0001777407459929
634 4.207396553829e-05 0.0001775729734922
635 4.200852333718e-05 0.0001774056019281
636 4.194329870453e-05 0.0001772386296788
637 4.187829056704e-05 0.0001770720551318
638 4.181349785777e-05 0.0001769058766836
639 4.174891951551e-05 0.0001767400927418
640 4.168455448911e-05 0.0001765747017187
641 4.162040173246e-05 0.0001764097020375
642 4.155646020466e-05 0.0001762450921319
643 4.1492728875e-05 0.0001760808704407
644 4.142920671649e-05 0.0001759170354137
645 4.136589271127e-05 0.0001757535855083
646 4.130278584522e-05 0.0001755905191914
647 4.123988511361e-05 0.000175427834936
648 4.117718951565e-05 0.0001752655312274
649 4.111469806111e-05 0.0001751036065522
650 4.105240976023e-05 0.0001749420594143
651 4.099032363387e-05 0.0001747808883187
652 4.092843870798e-05 0.0001746200917822
653 4.086675401506e-05 0.0001744596683272
654 4.080526859259e-05 0.0001742996164864
655 4.074398148566e-05 0.0001741399347993
656 4.068289174518e-05 0.0001739806218121
657 4.062199842739e-05 0.0001738216760814
658 4.056130059442e-05 0.00017366309617
659 4.050079731578e-05 0.0001735048806484
660 4.044048766439e-05 0.0001733470280958
661 4.038037072133e-05 0.0001731895370978
662 4.032044557441e-05 0.0001730324062464
663 4.026071131208e-05 0.0001728756341464
664 4.020116703537e-05 0.0001727192194021
665 4.014181184348e-05 0.0001725631606343
666 4.008264484796e-05 0.0001724074564632
667 4.002366516309e-05 0.0001722521055202
668 3.996487190798e-05 0.0001720971064435
669 3.990626420877e-05 0.0001719424578772
670 3.984784119518e-05 0.0001717881584759
671 3.978960200356e-05 0.0001716342068981
672 3.973154577612e-05 0.00017148060181
673 3.96736716609e-05 0.0001713273418841
674 3.961597880682e-05 0.0001711744258041
675 3.955846637347e-05 0.0001710218522556
676 3.950113352299e-05 0.000170869619933
677 3.944397942406e-05 0.0001707177275368
678 3.938700324782e-05 0.0001705661737767
679 3.933020417311e-05 0.0001704149573663
680 3.927358138317e-05 0.0001702640770273
681 3.921713406456e-05 0.0001701135314891
682 3.916086141205e-05 0.0001699633194842
683 3.910476262145e-05 0.0001698134397563
684 3.904883689653e-05 0.0001696638910518
685 3.899308344621e-05 0.0001695146721243
686 3.893750148014e-05 0.0001693657817365
687 3.888209021675e-05 0.0001692172186546
688 3.882684887835e-05 0.0001690689816519
689 3.877177669081e-05 0.0001689210695084
690 3.871687288399e-05 0.0001687734810122
691 3.866213669651e-05 0.0001686262149524
692 3.860756736634e-05 0.0001684792701302
693 3.855316414095e-05 0.0001683326453475
694 3.84989262672e-05 0.0001681863394181
695 3.844485300037e-05 0.0001680403511575
696 3.839094359889e-05 0.0001678946793888
697 3.83371973255e-05 0.0001677493229408
698 3.828361344635e-05 0.0001676042806493
699 3.823019123593e-05 0.0001674595513525
700 3.817692996618e-05 0.0001673151339012
701 3.812382892059e-05 0.0001671710271444
702 3.807088738169e-05 0.000167027229942
703 3.801810463872e-05 0.0001668837411585
704 3.796547998521e-05 0.000166740559662
705 3.791301271739e-05 0.0001665976843295
706 3.786070213663e-05 0.0001664551140419
707 3.780854754734e-05 0.0001663128476866
708 3.775654825974e-05 0.0001661708841555
709 3.770470358923e-05 0.000166029222344
710 3.765301284918e-05 0.0001658878611602
711 3.760147536304e-05 0.0001657467995106
712 3.755009045649e-05 0.0001656060363089
713 3.749885745742e-05 0.0001654655704772
714 3.74477757008e-05 0.0001653254009377
715 3.739684452228e-05 0.0001651855266232
716 3.734606326375e-05 0.0001650459464681
717 3.729543126728e-05 0.000164906659416
718 3.724494788443e-05 0.0001647676644102
719 3.71946124658e-05 0.0001646289604037
720 3.714442436807e-05 0.000164490546353
721 3.709438295052e-05 0.0001643524212198
722 3.70444875756e-05 0.0001642145839721
723 3.699473761134e-05 0.0001640770335809
724 3.694513242811e-05 0.0001639397690236
725 3.689567139953e-05 0.0001638027892827
726 3.684635390384e-05 0.0001636660933447
727 3.679717932219e-05 0.0001635296802024
728 3.67481470394e-05 0.000163393548852
729 3.66992564443e-05 0.0001632576982952
730 3.665050692784e-05 0.0001631221275397
731 3.660189788406e-05 0.0001629868355981
732 3.655342871429e-05 0.0001628518214842
733 3.650509881882e-05 0.0001627170842206
734 3.645690760292e-05 0.0001625826228337
735 3.640885447587e-05 0.0001624484363533
736 3.636093884987e-05 0.0001623145238147
737 3.63131601396e-05 0.0001621808842588
738 3.62655177645e-05 0.0001620475167292
739 3.621801114591e-05 0.0001619144202754
740 3.617063970841e-05 0.0001617815939518
741 3.61234028824e-05 0.0001616490368151
742 3.607630009704e-05 0.0001615167479302
743 3.602933078704e-05 0.0001613847263642
744 3.598249439193e-05 0.0001612529711875
745 3.593579035101e-05 0.000161121481478
746 3.588921810986e-05 0.0001609902563146
747 3.584277711433e-05 0.0001608592947836
748 3.57964668147e-05 0.0001607285959742
749 3.575028666528e-05 0.0001605981589793
750 3.57042361204e-05 0.0001604679828986
751 3.565831464005e-05 0.0001603380668335
752 3.561252168697e-05 0.0001602084098904
753 3.556685672558e-05 0.0001600790111803
754 3.552131922438e-05 0.000159949869818
755 3.547590865387e-05 0.0001598209849233
756 3.543062448779e-05 0.0001596923556192
757 3.538546620344e-05 0.0001595639810328
758 3.534043328056e-05 0.0001594358602952
759 3.529552520033e-05 0.0001593079925441
760 3.525074144858e-05 0.0001591803769173
761 3.520608151335e-05 0.0001590530125595
762 3.516154488552e-05 0.0001589258986179
763 3.511713105849e-05 0.000158799034244
764 3.507283952703e-05 0.0001586724185957
765 3.502866979326e-05 0.000158546050829
766 3.498462135704e-05 0.0001584199301093
767 3.494069372234e-05 0.0001582940556042
768 3.489688639576e-05 0.0001581684264858
769 3.48531988886e-05 0.0001580430419274
770 3.480963071267e-05 0.0001579179011079
771 3.476618138056e-05 0.000157793003213
772 3.472285041331e-05 0.0001576683474258
773 3.467963732853e-05 0.0001575439329385
774 3.463654164882e-05 0.0001574197589453
775 3.459356290072e-05 0.0001572958246426
776 3.455070061189e-05 0.0001571721292316
777 3.450795431049e-05 0.0001570486719197
778 3.446532353091e-05 0.0001569254519138
779 3.442280780786e-05 0.0001568024684268
780 3.438040667854e-05 0.0001566797206746
781 3.43381196837e-05 0.0001565572078764
782 3.429594636571e-05 0.0001564349292554
783 3.425388626744e-05 0.00015631288404
784 3.421193893928e-05 0.0001561910714574
785 3.417010392804e-05 0.0001560694907446
786 3.412838078864e-05 0.000155948141135
787 3.408676907199e-05 0.0001558270218731
788 3.404526833659e-05 0.0001557061322008
789 3.400387814216e-05 0.000155585471365
790 3.396259804796e-05 0.0001554650386189
791 3.392142761913e-05 0.0001553448332152
792 3.388036642131e-05 0.0001552248544113
793 3.383941402177e-05 0.0001551051014691
794 3.379856999135e-05 0.0001549855736525
795 3.375783390215e-05 0.0001548662702301
796 3.371720532918e-05 0.0001547471904714
797 3.36766838495e-05 0.0001546283336515
798 3.363626904171e-05 0.0001545096990478
799 3.359596048789e-05 0.0001543912859404
800 3.355575777126e-05 0.0001542730936135
801 3.351566047664e-05 0.000154155121355
802 3.347566819284e-05 0.0001540373684538
803 3.343578050876e-05 0.0001539198342045
804 3.339599701706e-05 0.0001538025179027
805 3.335631730952e-05 0.0001536854188505
806 3.331674098613e-05 0.0001535685363466
807 3.327726764231e-05 0.0001534518697
808 3.323789687791e-05 0.0001533354182197
809 3.319862829709e-05 0.0001532191812157
810 3.315946150191e-05 0.0001531031580057
811 3.312039610087e-05 0.0001529873479053
812 3.308143169967e-05 0.0001528717502378
813 3.304256791061e-05 0.0001527563643258
814 3.30038043448e-05 0.0001526411894969
815 3.296514061585e-05 0.0001525262250821
816 3.292657634209e-05 0.0001524114704117
817 3.288811113864e-05 0.0001522969248247
818 3.284974462778e-05 0.0001521825876578
819 3.281147642949e-05 0.0001520684582542
820 3.277330616881e-05 0.0001519545359572
821 3.273523347119e-05 0.0001518408201142
822 3.269725796263e-05 0.0001517273100775
823 3.265937927404e-05 0.0001516140051978
824 3.262159703674e-05 0.0001515009048321
825 3.258391088328e-05 0.0001513880083384
826 3.254632044681e-05 0.0001512753150807
827 3.250882536694e-05 0.0001511628244197
828 3.247142528038e-05 0.0001510505357244
829 3.243411982707e-05 0.0001509384483652
830 3.239690865092e-05 0.0001508265617122
831 3.235979139287e-05 0.0001507148751441
832 3.232276770154e-05 0.0001506033880348
833 3.228583722255e-05 0.0001504920997672
834 3.224899960446e-05 0.000150381009725
835 3.221225449888e-05 0.0001502701172929
836 3.217560155853e-05 0.0001501594218596
837 3.213904043666e-05 0.0001500489228167
838 3.210257079063e-05 0.0001499386195566
839 3.206619227614e-05 0.0001498285114778
840 3.202990455323e-05 0.0001497185979779
841 3.199370728303e-05 0.0001496088784583
842 3.195760012856e-05 0.0001494993523231
843 3.19215827533e-05 0.0001493900189786
844 3.188565482255e-05 0.0001492808778355
845 3.184981600479e-05 0.0001491719283031
846 3.181406596786e-05 0.000149063169798
847 3.177840438434e-05 0.0001489546017341
848 3.174283092581e-05 0.0001488462235311
849 3.170734526415e-05 0.0001487380346127
850 3.167194707736e-05 0.0001486300344005
851 3.163663604063e-05 0.0001485222223223
852 3.16014118342e-05 0.0001484145978049
853 3.156627413622e-05 0.0001483071602823
854 3.153122262984e-05 0.0001481999091858
855 3.149625699657e-05 0.0001480928439535
856 3.146137692353e-05 0.0001479859640209
857 3.142658209493e-05 0.0001478792688309
858 3.139187219906e-05 0.000147772757826
859 3.13572469242e-05 0.0001476664304523
860 3.132270596338e-05 0.0001475602861549
861 3.128824900581e-05 0.000147454324387
862 3.125387574731e-05 0.0001473485445985
863 3.121958588181e-05 0.0001472429462455
864 3.118537910484e-05 0.000147137528785
865 3.115125511746e-05 0.0001470322916738
866 3.111721361598e-05 0.0001469272343757
867 3.108325430217e-05 0.0001468223563535
868 3.104937687985e-05 0.0001467176570715
869 3.10155810489e-05 0.0001466131360012
870 3.098186651709e-05 0.0001465087926101
871 3.094823299146e-05 0.0001464046263701
872 3.091468017752e-05 0.0001463006367576
873 3.088120778535e-05 0.000146196823249
874 3.084781552526e-05 0.0001460931853228
875 3.081450311067e-05 0.000145989722459
876 3.078127025271e-05 0.0001458864341425
877 3.074811666647e-05 0.0001457833198581
878 3.071504206845e-05 0.0001456803790925
879 3.068204617494e-05 0.0001455776113365
880 3.064912870537e-05 0.0001454750160803
881 3.061628937972e-05 0.0001453725928178
882 3.058352791683e-05 0.0001452703410464
883 3.055084404238e-05 0.0001451682602618
884 3.051823747922e-05 0.0001450663499634
885 3.048570795056e-05 0.0001449646096555
886 3.045325518259e-05 0.0001448630388422
887 3.042087890554e-05 0.0001447616370265
888 3.038857884702e-05 0.0001446604037173
889 3.035635473692e-05 0.0001445593384249
890 3.032420630546e-05 0.0001444584406621
891 3.029213328625e-05 0.0001443577099419
892 3.026013541281e-05 0.0001442571457801
893 3.022821242033e-05 0.0001441567476946
894 3.019636404468e-05 0.0001440565152048
895 3.016459002348e-05 0.0001439564478329
896 3.013289009515e-05 0.0001438565451022
897 3.01012640001e-05 0.0001437568065378
898 3.006971147723e-05 0.0001436572316689
899 3.003823227109e-05 0.0001435578200223
900 3.000682612503e-05 0.0001434585711301
901 2.997549278143e-05 0.0001433594845262
902 2.994423198718e-05 0.0001432605597452
903 2.991304348944e-05 0.0001431617963229
904 2.988192703577e-05 0.0001430631937987
905 2.985088237533e-05 0.0001429647517133
906 2.981990925844e-05 0.0001428664696083
907 2.97890074357e-05 0.0001427683470289
908 2.97581766602e-05 0.0001426703835204
909 2.972741668633e-05 0.0001425725786298
910 2.969672726762e-05 0.0001424749319076
911 2.966610816064e-05 0.0001423774429043
912 2.963555912069e-05 0.0001422801111749
913 2.960507990838e-05 0.0001421829362716
914 2.957467028044e-05 0.0001420859177532
915 2.95443299993e-05 0.0001419890551761
916 2.951405882322e-05 0.000141892348103
917 2.948385651713e-05 0.0001417957960934
918 2.945372284346e-05 0.0001416993987117
919 2.942365756623e-05 0.0001416031555232
920 2.939366045202e-05 0.0001415070660944
921 2.936373126592e-05 0.0001414111299952
922 2.933386977712e-05 0.0001413153467939
923 2.930407575188e-05 0.0001412197160655
924 2.927434896197e-05 0.000141124237381
925 2.924468917779e-05 0.0001410289103161
926 2.921509616944e-05 0.0001409337344499
927 2.918556971074e-05 0.0001408387093595
928 2.915610957519e-05 0.0001407438346255
929 2.912671553776e-05 0.0001406491098291
930 2.909738737245e-05 0.0001405545345564
931 2.906812485902e-05 0.000140460108389
932 2.903892777192e-05 0.0001403658309167
933 2.9009795891e-05 0.0001402717017271
934 2.898072899746e-05 0.0001401777204082
935 2.895172686902e-05 0.0001400838865546
936 2.892278928789e-05 0.0001399901997584
937 2.889391603797e-05 0.0001398966596135
938 2.886510690154e-05 0.0001398032657166
939 2.883636166255e-05 0.0001397100176666
940 2.880768010699e-05 0.0001396169150619
941 2.877906202113e-05 0.0001395239575033
942 2.875050719276e-05 0.0001394311445934
943 2.872201540718e-05 0.0001393384759374
944 2.869358645639e-05 0.0001392459511393
945 2.866522012914e-05 0.0001391535698066
946 2.863691621651e-05 0.0001390613315476
947 2.860867450934e-05 0.0001389692359733
948 2.858049480117e-05 0.0001388772826944
949 2.855237688483e-05 0.0001387854713245
950 2.852432055602e-05 0.0001386938014765
951 2.849632560928e-05 0.0001386022727679
952 2.84683918395e-05 0.0001385108848161
953 2.844051904511e-05 0.0001384196372398
954 2.841270702492e-05 0.0001383285296578
955 2.838495557524e-05 0.0001382375616947
956 2.835726449839e-05 0.0001381467329705
957 2.832963359241e-05 0.0001380560431124
958 2.830206266001e-05 0.0001379654917454
959 2.827455150407e-05 0.0001378750784961
960 2.824709992577e-05 0.0001377848029952
961 2.821970772996e-05 0.0001376946648718
962 2.819237472176e-05 0.0001376046637573
963 2.816510070707e-05 0.0001375147992846
964 2.813788549054e-05 0.0001374250710894
965 2.811072888077e-05 0.0001373354788066
966 2.808363068563e-05 0.0001372460220728
967 2.805659071442e-05 0.0001371567005265
968 2.802960877487e-05 0.0001370675138096
969 2.800268467967e-05 0.0001369784615605
970 2.797581823851e-05 0.0001368895434239
971 2.794900926463e-05 0.0001368007590423
972 2.792225756995e-05 0.0001367121080618
973 2.789556296795e-05 0.0001366235901286
974 2.786892527488e-05 0.0001365352048894
975 2.784234430337e-05 0.0001364469519958
976 2.781581987086e-05 0.0001363588310967
977 2.778935179448e-05 0.0001362708418433
978 2.776293989205e-05 0.0001361829838884
979 2.773658397865e-05 0.0001360952568894
980 2.771028387764e-05 0.0001360076604981
981 2.768403940593e-05 0.000135920194374
982 2.765785038479e-05 0.0001358328581743
983 2.763171663562e-05 0.0001357456515585
984 2.760563798132e-05 0.0001356585741862
985 2.757961424321e-05 0.000135571625721
986 2.755364524526e-05 0.0001354848058256
987 2.752773081264e-05 0.0001353981141635
988 2.750187077046e-05 0.0001353115504002
989 2.747606494111e-05 0.0001352251142057
990 2.7450313156e-05 0.0001351388052431
991 2.742461523809e-05 0.0001350526231863
992 2.739897101776e-05 0.0001349665677027
993 2.737338032264e-05 0.0001348806384654
994 2.734784298301e-05 0.0001347948351459
995 2.732235882635e-05 0.0001347091574211
996 2.729692768665e-05 0.0001346236049631
997 2.727154939213e-05 0.0001345381774513
998 2.72462237778e-05 0.0001344528745605
999 2.722095067452e-05 0.0001343676959717
1000 2.719572991567e-05 0.0001342826413642
1001 2.717056133655e-05 0.0001341977104188
1002 2.714544477161e-05 0.0001341129028177
1003 2.712038005633e-05 0.0001340282182447
1004 2.709536702557e-05 0.000133943656385
1005 2.707040551833e-05 0.0001338592169232
1006 2.704549537024e-05 0.000133774899547
1007 2.702063642049e-05 0.0001336907039444
1008 2.699582850837e-05 0.0001336066298034
1009 2.697107147152e-05 0.0001335226768163
1010 2.694636515231e-05 0.0001334388446723
1011 2.692170938979e-05 0.0001333551330652
