-0.0526053
0.0195706
0.120156
0.0806174
0.0909354
-0.0210734
-0.031669
0.0118362
-0.0274412
-0.0217468
-0.058169
-0.0431062
-0.0261521
0.124765
-0.0567043
-0.0240613
0.0864822
-0.0217
-0.0288748
0.0232428
-0.0523792
-0.0379205
-0.0177237
0.0180247
-0.0656714
-0.0494655
-0.0563497
-0.0647129
-0.0553729
-0.0508777
-0.0483296
-0.0416858
0.00872096
-0.0251176
-0.0233214
0.0187822
0.0788351
0.00470633
0.15686
0.0867096
-0.0387942
0.131448
0.125604
-0.037499
0.0634472
0.0431517
-0.0380849
0.0429955
-0.0286459
-0.012651
-0.0516172
-0.0614638
0.0991575
0.162934
-0.0608029
0.0185764
0.108922
0.0229365
-0.0252419
0.00141112
0.0110095
-0.0200827
-0.00544088
-0.00404305
-0.0211907
-0.025238
0.0215244
-0.0498717
-0.0226513
0.0538765
0.013042
0.0116763
0.0613615
-0.0303217
0.197562
0.00183756
0.169
-0.0634445
-0.00656214
-0.040893
-0.0593873
0.118988
0.109638
-0.0347598
-0.0350279
-0.00600326
-0.0328498
-0.0240728
-0.056299
-0.0442434
-0.0303615
0.119174
-0.0537825
-0.0263087
0.069462
-0.0205861
-0.0332981
0.0120542
-0.0522967
-0.0383867
-0.0224467
0.0339422
-0.0639042
-0.0480703
-0.0535896
-0.0626574
0.137411
-0.0344219
-0.0392653
-0.0144238
-0.0306897
-0.0179138
-0.0515693
-0.0385847
-0.0260527
0.0848759
-0.0470706
-0.0227908
0.180243
-0.0180513
-0.0209672
0.00638474
-0.05034
-0.00898109
-0.0323701
0.0640061
-0.0636856
-0.0402666
-0.0486269
-0.0618147
-0.0348241
-0.0434523
-0.0111538
-0.0270951
-0.0215503
-0.0531923
-0.0453337
-0.0368903
0.0711266
-0.0459706
-0.0173235
0.120756
-0.0331351
-0.041144
-0.00675249
-0.0525009
-0.0344266
-0.0342981
0.0318545
-0.0618217
-0.0491161
-0.0525492
-0.0607443
0.109727
0.164744
-0.0061906
0.019712
0.0133295
0.030208
0.0541367
-0.0128179
0.0761584
0.00285843
-0.0245096
0.0520375
0.0663979
0.081549
0.200642
-0.00258643
0.167833
-0.0156999
-0.0565597
0.0701404
0.0436832
-0.0513377
0.226709
-0.0186235
0.00903974
0.0623471
0.0105201
0.0338479
-0.0316148
-0.00514009
-0.0231872
-0.029387
0.0382949
0.0761413
0.300128
0.178526
0.0939843
0.369212
0.0547493
-0.0503555
0.0889019
0.0082958
-0.041271
-0.0030685
0.0199453
0.0235229
-0.00126795
0.0409994
0.00737347
-0.00349014
-0.00982474
0.00266095
0.0431525
0.0634963
0.227144
0.112273
0.032878
0.213643
0.0481732
-0.0514144
0.0414164
-0.0124123
-0.0512559
0.16342
0.055256
0.075182
8.97605e-05
-0.0265524
-0.0100001
0.108007
-0.0152785
0.0753293
0.0396963
-0.00254972
-0.00776868
0.00863393
-0.00562824
-0.0160823
-0.0555086
0.0589532
-0.00766048
-0.0560971
0.030023
0.172552
0.0888401
-0.0106031
0.0182961
0.151581
-0.00962774
0.239647
0.143692
0.0171901
0.0215554
0.0317372
0.0226544
-0.0155609
-0.0555532
0.154776
0.0294436
-0.0574915
0.0448586
0.00730949
-0.0503847
0.00617277
0.00579637
-0.044534
0.0486157
0.0437797
0.0510381
0.0425103
0.0576735
0.0669003
-0.00469932
-0.0405147
0.0783923
0.0126296
-0.019247
0.0814461
-0.032094
0.0968977
0.184792
-0.032203
0.203616
0.147047
-0.00678302
0.0621813
0.0284687
0.0218907
-0.0325465
-0.0564831
0.2919
0.144052
-0.0565971
-0.0182316
0.0390555
0.0436947
-0.0201278
0.180053
0.226437
0.0244408
0.0574054
0.0170098
0.048859
-0.0300259
-0.0527858
0.112142
0.0732449
-0.0484637
-0.0428645
-0.00758432
0.0700558
-0.0129352
-0.0124892
0.00826863
-0.0359158
-0.0321869
-0.0202458
0.0206631
-0.0572612
-0.037225
-0.0479361
-0.0565631
0.0236685
-0.0443566
0.0340475
0.029976
-0.0321907
0.171455
-0.020401
0.0215495
-0.0398466
-0.0515384
0.123554
0.290801
-0.0419875
-0.0101249
0.0973112
0.0552856
-0.0132213
0.00377268
-0.0107438
-0.0140563
-0.0260394
-0.055249
0.0868863
0.0326783
-0.0559164
-0.0182472
-0.0249963
0.0219626
-0.0474942
-0.00142131
-0.022921
0.0527351
-0.0566661
-0.0390902
-0.0443527
-0.054934
0.322476
0.0485663
0.0428884
0.076678
0.0552026
-2.67913e-05
-0.0531639
0.192108
0.0540504
-0.0541633
0.0697707
0.0756476
0.0659099
0.0975268
0.00900457
-0.0500274
0.190529
0.0536191
-0.0505013
0.0776604
0.0499997
0.323514
0.175654
-0.0510606
0.0496077
-0.028617
-0.0412241
0.00581208
0.26156
-0.0102294
-0.0480198
0.152523
0.175357
-0.0374905
0.0544361
0.0653389
-0.0496887
0.0648859
0.000760501
-0.0425235
0.0649499
-0.0496932
0.107485
0.0238752
-0.0401007
-0.0526699
-0.0072847
-0.0374482
-0.0448493
-0.046545
-0.044262
0.0711656
0.230148
-0.0478933
-0.0381295
