-0.0145309
0.00539397
0.0329809
0.0220177
0.0243156
-0.00547791
-0.00823167
0.00306677
-0.00701323
-0.00554833
-0.0148271
-0.0109342
-0.00663186
0.0311428
-0.0140966
-0.00597783
0.0214464
-0.00537483
-0.0149493
-0.0136792
-0.0129293
-0.0109184
0.00222056
-0.0063951
-0.00591889
0.00470195
0.0197017
0.00117507
0.038974
0.0215384
-0.00948521
0.0320089
0.0305664
-0.00910887
0.0153934
0.00498352
0.0290748
0.00599428
-0.006413
0.000358488
0.00278802
-0.00501644
-0.00135673
-0.00100724
-0.0052535
-0.00625522
0.00525113
-0.0121175
-0.00550016
0.0130582
0.00315722
0.0316313
0.0285354
-0.00879484
-0.00886211
-0.001514
-0.00817179
-0.00597811
-0.013968
-0.0109236
-0.00749417
0.0289544
-0.013014
-0.00636201
0.0167666
-0.00496304
0.0355853
-0.00866588
-0.0098846
-0.00361948
-0.00759634
-0.0044264
-0.0127307
-0.0094789
-0.00639851
0.0205184
-0.011333
-0.00548378
0.0432894
-0.00433022
-0.00858354
-0.0107095
-0.0027403
-0.00656614
-0.00521345
-0.0128564
-0.0109037
-0.00887046
0.0168345
-0.0108364
-0.00408098
0.0283949
-0.00778212
0.0262907
0.0393471
-0.00145841
0.00463588
0.00313192
0.00706321
0.0126548
-0.00294926
0.0174522
0.000654614
-0.00560269
0.011881
0.0541433
-0.00438715
0.00212584
0.0146483
0.00245965
0.00791166
-0.00727376
-0.00117781
-0.00530981
-0.0067172
0.00874281
-0.000720548
0.00467551
0.00550906
-0.00029551
0.00955277
0.00169105
-0.000797194
-0.00224268
0.000606297
0.00982047
0.0377867
0.0127647
0.0172833
2.06292e-05
-0.00600667
-0.00225306
0.0243188
-0.00343379
0.0169097
0.00692369
0.0395992
0.0203826
-0.0023945
0.00411508
0.0340713
-0.00216009
0.0537028
0.0102851
0.00167546
-0.0113679
0.00138706
0.00130166
-0.00998242
0.0108842
0.018578
-0.00720587
0.0216676
0.0412958
-0.00718327
0.0453645
-0.00409233
0.00873101
0.00976192
-0.00448854
0.0401039
-0.0094322
-0.00166785
0.0153776
-0.00283591
0.00518378
-0.00969702
0.00743433
-0.00221206
0.0212346
-0.00397449
