0.00211444 0.000444411
-0.0016766 -0.00308916
3.01915e-05 -0.0017871
0.000693302 -0.00214356
0.000515714 -0.00017173
0.00146529 0.00114657
0.000936838 0.000323264
0.00151292 0.000174271
-0.00133598 -0.00151418
0.00152222 0.000821809
-0.00306147 -0.00451367
-0.00151572 -0.00227353
-0.0011448 -0.00253253
-0.0021252 -0.00304431
-0.00134401 -0.00334327
0.000225351 -0.00178783
0.00082019 -0.0017373
-0.00016684 -0.000542129
0.00108582 3.17715e-07
0.000216108 -0.000667916
0.00186766 0.00132598
0.000737512 0.000497879
0.00116716 0.000392476
0.00357757 0.00261788
-0.00174886 -0.0023444
-0.00349738 -0.00420986
0.00349304 0.00256882
0.00290289 0.00302357
0.00741999 0.00646971
0.00296933 0.00290119
0.00173547 -0.000286795
0.00110223 -0.000127413
0.00162665 0.000308369
0.00208061 -0.000689516
0.00111235 -0.000598947
0.000668764 -0.000848621
0.00176363 -5.76989e-05
0.00241015 -0.000109296
0.0033036 0.00384535
0.0014577 0.000542653
0.00129646 8.26802e-06
0.00440223 0.00462708
0.000884967 -0.000625732
0.00202546 -0.000478362
0.00212251 0.00189236
0.00103648 0.00017077
-0.00214446 -0.0026508
0.0012927 -0.000354276
0.00271097 0.00353381
0.00163895 0.000717653
0.00124869 -0.000347005
0.00154388 0.000451177
0.0014834 0.000621197
0.00936876 0.0152799
0.010977 0.0146974
0.000330673 -0.00122923
0.000598726 -0.00154944
0.00159712 0.000410473
0.000637968 -0.00269493
0.00123369 -0.00152576
-0.000803276 -0.00257078
-8.35939e-05 -0.00188277
0.000452237 -0.00143605
0.0145849 0.0192786
-0.000982292 -0.00224556
0.000610531 -0.00102152
0.00871891 0.0127276
0.00070032 -0.00135619
5.9854e-06 -0.00217732
0.00342536 0.00387178
-0.00104349 -0.00199295
0.00032489 -0.00243446
0.00130263 -0.000702976
0.00352127 0.00329488
-0.00112672 -0.00192069
-0.000612142 -0.00202789
-0.000954483 -0.00178818
-0.00105258 -0.00195489
0.0111132 0.0136805
0.000549789 -0.00122135
0.000710007 -0.00159737
0.00153258 -0.000494869
0.000386433 -0.00107702
0.00187707 -0.00050219
-0.000198829 -0.00121563
0.000899677 -0.00142103
0.00170403 -0.00128975
0.00858233 0.0122382
-0.000306603 -0.00120826
0.00100091 -0.00113524
0.0106752 0.0163779
0.00153939 -0.000851341
0.00108549 -0.00160304
0.00267276 0.00228586
7.88261e-05 -0.000939218
0.00144367 -0.000826066
0.000506062 -0.000676926
0.00363505 0.00311086
-4.31942e-05 -0.000987481
0.000761414 -0.00100055
0.000510021 -0.000841639
-8.47977e-05 -0.0008641
0.000472192 -0.0012713
0.000892963 -0.00179007
0.00250546 0.000592651
0.00127696 -0.00108231
0.00165927 -0.000617045
-0.00029722 -0.00150773
0.000886504 -0.00104633
0.000691891 -0.00158676
0.0103039 0.0109053
-0.000207737 -0.00111548
0.000943569 -0.000324733
0.00944282 0.0134668
0.00146034 -0.00102633
0.000753239 -0.00153999
0.00310004 0.00211804
-0.000247867 -0.00117383
0.000723165 -0.00163718
0.00136011 -0.000290946
0.00291412 0.00252669
-0.000381826 -0.00104874
0.000335553 -0.00120442
0.000113592 -0.000957103
-0.000389046 -0.0011078
-0.00224704 -0.00181208
-0.00190575 -0.00167576
0.00147824 0.000409281
0.000994865 -0.000450253
0.000740763 0.000136557
0.00112571 -0.00109392
0.000141139 -0.00114195
0.001164 -0.00134403
-0.00144895 -0.00179381
0.000985394 -0.000347665
0.00122799 -0.00137198
0.0010194 -0.00122979
-0.000598548 -0.00134396
-0.00122032 -0.00131944
-0.00463016 -0.00449292
0.00148275 0.000180435
-0.00351279 -0.00255771
0.000502386 -0.000373163
0.00238377 0.00161219
-0.000319632 -0.00187235
-0.000164199 -0.00111465
0.00217789 0.00149059
-0.00367441 -0.00224638
0.00121867 0.000742263
0.000530588 -0.000163437
-0.000330256 -0.00101559
0.000558034 -0.000181139
-0.00040535 -0.000607548
-0.000224455 -0.00218461
0.000877987 0.000598
0.00116928 0.000525009
0.000740547 -0.000961702
-0.00062585 -0.000933504
-0.00139101 -0.00104245
-0.00293316 -0.00220045
-0.004277 -0.00356372
-0.000777861 -0.00170815
-0.00531455 -0.00462207
-0.000343009 -0.000734406
0.00259744 0.00163442
-0.00163187 -0.00170666
0.000763711 0.000360299
0.00226272 0.00147215
0.000530821 -0.000305993
0.000996543 -0.000343949
-0.000527763 -0.000883763
0.000729494 -0.000850266
-0.000411969 -0.000639869
0.00382307 0.00128964
0.000415734 -0.000134157
0.00037555 0.000241006
0.00309435 0.000851857
-0.000409156 -0.0011944
-0.00088855 -0.00141005
0.000237426 0.000668826
-0.00324547 -0.00302742
0.000146628 -0.000950023
-0.00289448 -0.00126865
0.000770751 0.000611066
0.00135164 0.000726965
-0.000854068 -0.00144656
0.000390079 -0.000137268
0.00133089 0.000621894
-0.00144374 -0.00288204
-0.000453608 -0.00105325
-0.0004225 -0.00178119
0.00126376 0.000290459
-0.000407278 -0.0020228
0.00140553 0.000514821
-0.00120851 -0.00234133
0.00104403 -0.00178667
0.000205856 -0.00146134
7.6554e-05 -0.000591777
0.000979376 -0.000765092
0.00150541 0.000692236
0.000819531 -4.50926e-05
0.000930751 -1.78852e-05
0.0010313 -0.000370761
0.00247376 0.00171927
0.000382984 -0.00120681
0.00151407 0.000544723
0.00245252 0.00168024
5.06581e-05 -0.000662666
-0.00163088 -0.00408029
-0.000202567 -0.00197098
0.0007758 -0.00135203
0.00040422 -0.000303724
-0.00181536 -0.0029746
0.00167476 -0.00104271
-0.00369004 -0.00450674
-0.00150848 -0.00279114
1.66199e-05 -0.000209377
0.000440395 -0.000715713
-0.000237955 -0.00038808
0.000138844 -0.000625485
0.000385228 0.000146252
0.00239472 0.00147542
-0.00196547 -0.00369136
0.000610707 -0.000593713
0.00241965 0.00167996
0.000134696 -0.000264399
0.000921208 0.000184962
-0.00135918 -0.00243918
0.00120326 0.000786659
0.000639181 0.000248447
-0.000374278 -0.00156415
-0.000266629 -0.000943772
-0.000285435 -0.000635193
-0.00126094 -0.00169087
0.000128412 -0.00054668
-0.000164676 -0.000961111
-0.00061008 -0.00147374
0.000633896 -0.000542218
0.00277442 0.00193005
-0.000920158 -0.00119635
0.0010135 0.000541615
0.00218795 0.00144451
-0.000302009 -0.00237723
-8.60548e-05 -0.00219263
-0.000735827 -0.00272769
-0.00283282 -0.0041653
0.00047249 -0.00161997
-0.00226535 -0.00458561
-0.00110946 -0.00317941
-6.59187e-05 -0.000673198
-9.78404e-05 -0.00162119
4.70255e-05 -0.000216895
5.05524e-05 -0.000561831
0.000735797 0.000456553
0.00288573 0.00201465
-0.0046163 -0.00732585
-0.00204915 -0.00365994
0.00284025 0.00212473
0.000123489 -0.000944122
-9.87401e-05 -0.000840834
0.000714162 -0.00113663
0.00158965 -0.00131118
-0.00077181 -0.00309669
-0.00224029 -0.00381403
0.000353597 -0.000592237
-0.000407967 -0.00162219
0.0010088 -5.89675e-05
-0.00106333 -0.00127189
0.000637763 6.27671e-05
0.00233508 0.00149108
-0.00145265 -0.00288096
-0.000935029 -0.00173567
0.00216106 0.00153452
-0.00107823 -0.00249616
0.000280591 -0.000951377
0.0077412 0.0112899
0.000564497 -0.00122544
0.000452041 -0.00161101
0.00231392 0.00243721
-0.000811819 -0.00247073
0.000253283 -0.00165216
0.00152601 -0.00138099
0.00252415 0.00265277
-0.00127732 -0.00220945
-0.000678873 -0.0018512
-0.00133827 -0.00187701
-0.00125095 -0.0019358
0.000943962 -0.000496484
-0.000741119 -0.00152061
0.000253874 -0.000807136
4.92246e-05 -0.000506096
0.000543705 -8.68249e-05
-0.00365575 -0.00411933
0.00152984 0.00110786
-0.000162013 -0.000636593
0.0010173 0.000221569
0.00301383 0.00208414
-0.00223626 -0.00276673
-0.00687425 -0.00713565
0.00266478 0.00176388
0.000671961 -0.000690969
3.2774e-06 -0.00218876
-9.41672e-05 -0.00140839
0.00033105 -4.10937e-05
0.000970331 0.000128697
0.000835195 0.000382124
0.000751726 0.000211752
0.000878166 0.000440952
0.00231264 0.00148264
-0.00036525 -0.00205455
0.000452192 -0.000591528
0.00229658 0.00143728
0.000830768 -0.000867859
0.000506338 -0.00177764
0.00425279 0.00311828
-0.000497609 -0.00107637
0.000939597 -0.00122091
0.00145237 -0.000484881
0.00428605 0.00335529
-0.00040261 -0.00136222
0.000335352 -0.00118217
-8.05359e-05 -0.0012222
-0.000429902 -0.00124541
-0.0041839 -0.00591436
-0.000425483 -0.00068365
-0.000216974 -0.00142257
-0.00133487 -0.00168712
-0.00121902 -0.00111508
0.000155361 -0.00024403
0.00218201 0.00135235
-0.00261431 -0.00462911
0.000227036 -0.00138327
0.00217829 0.00156463
-0.00147533 -0.000830163
-0.00105449 -0.00162812
-0.00104421 -0.00105019
-0.00176133 -0.00145713
-0.000109955 -0.000255728
0.00230921 0.0015598
-0.00267511 -0.00457846
-0.000266984 -0.00109959
0.00228658 0.00162667
-0.00237154 -0.00230692
0.000461143 -0.00130809
-0.00271281 -0.000647597
0.00271771 0.00254948
0.000987375 0.000356193
-0.00130866 -0.00182907
0.000633283 2.57801e-07
0.000749702 0.000210022
0.000935415 0.000289054
-0.00600593 -0.00511016
-0.000205685 -3.87649e-05
0.00271209 0.00189588
-0.00269045 -0.00365986
-0.00354746 -0.00428491
0.00241772 0.00176328
-0.000378055 -0.000799261
0.000875232 -0.000382952
0.00239645 0.00172035
-0.000808429 -0.00105757
0.000926849 0.000443521
0.00214225 0.00151686
-0.000361496 -0.00049936
0.00188489 0.0012883
-0.00222993 -0.00238382
5.0295e-05 -0.000560683
0.0015739 0.0010635
0.00110971 0.000224469
-0.000300361 -0.00037992
0.000599409 0.000241499
0.000872405 0.000196658
0.00254928 0.00177079
0.00263975 0.001793
-0.000499166 -0.00165129
-0.00428157 -0.00530684
0.00254347 0.00199242
0.00241735 0.00163072
0.00126761 0.000322369
-0.000602774 -0.00249124
0.0011873 0.000132055
0.00148873 -0.000295272
0.000774991 0.000186288
0.00091499 -4.27609e-05
0.000743735 0.00022743
-0.0011984 -0.00233817
0.00102416 -0.000451487
-0.00195383 -0.00436806
-0.000740384 -0.00144726
0.000925055 -0.000106034
-0.00123452 -0.00328748
-0.000803412 -0.0032477
0.000439041 -0.00105457
-0.000765642 -0.00261504
-0.00101269 -0.00179317
0.000641359 -0.00120291
-0.000484872 -0.00115752
-0.00470011 -0.00459775
0.000827443 -2.13142e-05
-0.0030783 -0.0042795
0.00350076 0.00279972
-0.0013457 -0.00272194
-0.00285945 -0.00375338
0.00331567 0.00254472
-0.000937205 -0.00286084
-0.000379291 -0.00218328
0.00121226 -0.000169852
0.00148542 0.00118725
0.00111854 0.000538167
0.0013559 7.93234e-05
0.00013605 -0.00174592
0.00187716 0.000735052
-0.00190527 -0.00419175
-0.00150047 -0.00226171
-0.000300617 -0.0026275
-0.00146734 -0.00281864
-0.00153146 -0.00259898
-0.000378642 -0.00160795
0.000593521 -0.0012299
-0.000112275 -0.00108436
0.00104642 0.000387439
0.000228433 -0.000629779
0.00176492 0.00120736
0.000828222 0.000483062
0.000456514 -0.000278368
0.00338054 0.00239888
-0.00111428 -0.00227243
-0.00257936 -0.00411212
0.00329042 0.00240743
-0.000728647 -0.00346658
0.00119968 5.01095e-05
0.00169729 0.00138205
0.00162922 0.000840147
0.00177289 6.06913e-05
0.000224746 -0.00150543
0.00142484 0.000512289
-0.00177023 -0.00411429
-0.00134153 -0.00168384
0.000296066 -0.0020143
-0.000956232 -0.0024338
-0.000975149 -0.00304802
-0.00243979 -0.00470622
0.000534436 -0.00173756
0.000109641 -0.000868219
0.00152054 0.00053228
0.000390653 -0.000627094
0.000905577 0.000274171
0.00116645 0.000837086
-0.000460788 -0.00134614
0.00328857 0.00225574
-0.000764949 -0.00236413
-0.00260441 -0.00382803
0.00318027 0.00225305
0.000854002 4.79825e-05
0.00163853 0.00144329
0.000627908 0.000772392
0.00103051 -0.00015898
-0.000575136 -0.00162307
0.00124813 0.000378122
-0.00221312 -0.00403534
-0.00104472 -0.00230147
0.000646338 -0.000986487
-0.00116007 -0.0031186
-0.000482853 -0.00224729
-0.000658722 -0.00250061
0.000453079 -0.00152721
0.000234109 -0.000752763
0.00116235 0.000593467
-0.000254479 -0.000647848
0.00151372 0.000978226
0.00107522 0.000819895
1.73284e-05 -0.000251594
0.00298733 0.00220504
-0.00138223 -0.00228041
-0.00273461 -0.00393253
0.00291104 0.00211156
0.00330906 -0.00039972
0.00254727 -0.00126222
0.00296288 8.60078e-05
0.00309392 0.00228689
0.00289859 -2.23166e-05
0.00463112 0.00509644
0.00207069 0.0040274
0.00100608 -0.000476488
0.00320619 0.00685761
0.00242608 0.00197284
0.000471865 0.000226143
0.00316429 0.00409373
0.00201131 0.00308933
0.000728771 -0.00189399
0.00470803 0.00613909
0.00246512 0.000167065
0.00248647 0.000279555
0.000715787 -0.000258112
0.00180178 0.000629064
0.00302015 0.00526051
0.00166128 0.00661407
0.00142151 0.000466515
-0.000400785 -0.0032753
0.00243039 -0.000520121
0.00165928 -0.00065398
0.0022757 -0.000640829
0.00223316 -0.000490252
0.00115764 -5.79228e-05
0.00104341 0.000767101
0.00127577 -0.00048471
0.00101856 -0.00184581
0.000864167 0.000875394
0.00196565 -0.000461894
0.00154666 -0.000227782
-0.00431772 -0.00537314
0.00238779 -0.000276376
0.000140506 -0.00107989
-0.00238596 -0.00445431
-0.00103759 -0.00124977
0.00261353 0.00135145
0.00217488 0.000523083
0.000396034 -0.000200741
0.00188696 0.00109685
0.00283331 -0.00013402
0.00223844 -0.000843882
0.00140435 -0.000826694
0.000742706 -0.00132933
0.000336312 -0.000859547
0.000872229 0.000191523
0.000719065 -0.000872598
0.00104557 -0.00183452
0.000724056 0.000108307
0.00206066 -0.000457549
0.000265054 -0.000894172
-0.00312166 -0.00492518
0.0018672 -0.00121369
0.00109231 -0.00057938
-0.000179966 -0.00316096
-0.000662875 -0.00131955
0.00259421 0.00146845
0.000493907 -0.000622916
-0.000990857 -0.00156866
0.00228354 0.00144081
0.0102653 0.00879218
0.00246184 0.00180776
0.00833116 0.00859151
0.000791976 0.00204255
0.000916844 -4.38728e-05
0.00322575 8.50986e-05
0.00783382 0.00933194
0.00102026 -9.91916e-05
0.00515245 0.00613374
0.002826 0.00303613
0.00150871 -3.7164e-05
0.00251943 0.00040608
0.00118468 0.000147607
0.00228168 4.61895e-05
0.000201923 -4.95384e-05
0.00128428 0.000399796
0.00450644 0.00489307
0.00169891 0.00118364
0.0011591 0.000412741
0.00308697 0.00225282
0.0141646 0.0238096
0.00515908 0.0115049
-0.000529768 -0.00132421
0.00720287 0.00686675
0.0123655 0.0198263
-0.000688741 -0.00146158
0.0126508 0.0197804
0.00622583 0.0122533
0.000366663 -0.0008765
0.00407927 0.00372514
0.000800023 0.000404443
0.00241957 0.000785188
-0.000779383 -0.00124544
-1.51721e-05 -0.00104256
0.0110182 0.0174105
0.00588553 0.00953859
-0.000204501 -0.000917251
0.00472621 0.00395526
0.00135491 0.00109645
0.0011415 0.000399883
0.00516276 0.000943408
0.00333156 0.00181478
0.00106366 0.000398041
0.00234421 0.00190698
0.00171855 0.00206475
0.000598016 -0.000806725
0.00564891 0.00117877
2.1389e-05 -0.000178548
0.00318879 0.00022433
0.000141103 -0.000273714
0.00131539 0.000471207
0.00310885 0.00421413
0.00314108 0.00220027
0.000804583 5.52639e-05
0.00830654 0.0162378
-0.0015893 -0.00326736
0.0167092 0.0226518
0.0230309 0.0300161
-0.00175566 -0.0028677
0.011622 0.0234287
0.00749936 0.0165553
-0.000394748 -0.00192546
0.00834231 0.0113006
0.000734568 -0.000232826
0.00163907 0.00225989
-0.00207612 -0.00324677
-0.00186282 -0.00315467
0.024663 0.0349235
0.021963 0.0294898
-0.00206332 -0.00305148
-0.00132281 -0.00166269
0.0069516 0.00828756
0.00481914 0.00942686
-0.000898074 -0.00163518
0.00707751 0.0157892
0.00921993 0.0147693
-0.00033794 -0.00126157
0.00355784 0.00578631
-0.00100767 0.000522121
0.000671289 0.00157696
-0.000870276 -0.00153484
-8.38826e-05 -0.00142717
0.00586112 0.0145198
0.0115873 0.0148912
-0.000456903 -0.00136363
-0.00145468 -0.00223766
-0.00151009 -0.00187517
0.00024337 -0.00157154
-0.000530194 -0.00109336
0.000131494 -0.000724052
0.000786205 0.000177471
-0.000347879 -0.00083611
0.00145165 0.000898635
0.000372756 0.000475739
0.000613035 -1.81335e-05
0.00258762 0.00190342
-0.00115537 -0.00198484
-0.00279861 -0.0031867
0.00253043 0.00190591
0.00848793 0.00907275
-0.00151991 -0.00225107
0.00696089 0.00826143
0.00418324 0.00582733
-0.00100759 -0.0020843
0.0108392 0.0163408
-8.73389e-05 -0.00125671
0.00161615 0.00197503
-0.00136311 -0.0019425
-0.00141091 -0.00217356
0.0142311 0.020283
0.0265423 0.0356369
-0.00142257 -0.00195045
-0.000908815 -0.00162609
0.00874727 0.014846
0.00501881 0.00899093
9.32512e-05 -0.00194251
0.00336182 0.00342406
-0.000228649 -0.000845707
0.00159486 -0.000264726
-0.00100278 -0.00221176
-0.00129567 -0.00205797
0.0107216 0.0164289
0.00927589 0.0115905
-0.0013591 -0.00221582
-7.60398e-05 -0.00130599
0.000104657 -0.000605446
0.000117294 -0.000114437
4.36519e-06 -0.000450352
0.000124654 0.000204632
0.000639877 0.00039445
-0.000655276 -0.000935289
0.00252204 0.00177583
-0.00129435 -0.00199796
-0.0025887 -0.0031155
0.00243566 0.00176837
0.00771405 0.0171477
-0.000340393 -0.000722496
0.00347807 0.00474249
0.000678123 0.00078304
0.00157853 0.00179329
-0.000587773 -0.00148242
0.000302375 -0.000754446
0.00852393 0.0186766
0.00690335 0.0119756
0.000144626 -0.000669622
-0.00116418 -0.00105998
0.00254756 0.00426179
-0.000359813 0.000486428
0.000466334 0.0012284
-0.000475244 -0.00122287
0.000840766 -0.000394454
0.00691841 0.0149594
0.00714122 0.0108503
0.000656922 -0.000315936
-0.00173757 -0.00182444
5.69819e-05 -0.0008819
-0.00489667 -0.00575311
-0.00356247 -0.004093
0.00248219 0.00176175
-0.0012757 -0.00158509
-0.00207518 -0.00240605
0.00209259 0.00146214
0.000967121 3.81854e-05
0.00223595 0.00177305
-0.000576507 -0.00072108
0.000782048 -0.000207877
0.00784348 0.0122598
0.0116373 0.0179411
0.000492547 -0.000367348
0.00085402 -0.000886173
-0.00125319 -0.00134628
0.00202953 0.00128246
0.00030259 0.000695507
-0.00031446 2.1503e-05
0.00179837 0.00108155
-0.00110437 -0.0017784
0.00184076 0.000923412
0.00221489 0.00304054
0.00118973 0.00268453
0.0013437 0.000790186
0.00258921 0.00177905
-0.00174096 -0.00200371
-0.0024999 -0.00276662
0.00233287 0.00182631
-0.000680527 -0.00168161
-0.00225569 -0.00298542
-0.000446486 -0.00195244
0.0189648 0.0284119
-0.000951711 -0.00166613
-0.00220897 -0.00273959
0.00763188 0.00730167
0.0050091 0.00317459
0.00125922 -0.000402415
0.000364506 -0.000790473
8.66902e-05 -0.000391855
0.00122561 -0.000207729
0.00129913 -0.000264696
0.000670992 -0.000945219
0.0010126 3.22699e-06
0.00142814 -0.00028423
0.00197955 0.00386105
0.00125026 0.000460693
0.00142918 2.10572e-05
0.00427288 0.00469659
6.90188e-05 -0.000582634
0.00110862 -0.000485732
0.000964992 0.00149456
0.00110517 6.88196e-05
-0.00213943 -0.00276154
0.000217259 -0.000514038
0.00256841 0.00405839
0.00156509 0.000635884
0.00124208 -0.00026929
0.00169849 0.000288932
0.00147753 0.000516148
0.00995952 0.0077736
5.98664e-05 -0.00198136
4.11417e-05 -0.00124669
0.000503469 -7.56089e-05
7.26572e-05 -0.00213847
0.000230252 -0.00151157
0.000491542 -0.002745
-0.000359481 -0.00194393
0.00122339 -0.00201419
0.00515732 0.00647678
-0.000463501 -0.00139381
5.53779e-05 -0.00131432
0.0143571 0.0135214
-0.000191051 -0.00124729
0.000430683 -0.00143676
0.00302782 0.00444569
-0.000606041 -0.00202042
0.00358095 0.00338427
-0.000274335 -0.00106073
0.0122023 0.0144366
-0.000873483 -0.00147545
-0.000122818 -0.00189847
-0.00013997 -0.0014943
-0.00078461 -0.00163126
0.000637342 -0.000325304
0.000862872 -0.000267958
0.00107223 0.000169779
0.00124904 -0.000551808
0.00119449 -0.000306483
0.000937392 -0.000593266
0.00133396 -0.000233886
0.000967374 -0.000528773
0.00149492 0.00316793
0.00113339 0.000414775
0.00134968 0.000157619
0.00626254 0.00563703
-0.00010848 -0.000149153
0.000195232 -0.000517137
0.0011844 0.000914792
0.000466264 4.98343e-05
-0.000317298 -0.00351203
0.000810861 -0.000268948
0.00465845 0.00409336
0.00148404 0.000546057
0.00116715 -0.00053649
0.00121262 0.000151876
0.00127277 0.000650638
-0.00158463 -0.0012698
-0.00092014 -0.000322073
0.00179331 0.000286894
0.00246899 -3.45914e-05
0.000273038 3.10087e-05
0.00186611 -0.00043589
0.000764383 -0.000367717
0.00160692 -0.000210005
-0.000586063 -0.00170576
0.00191564 0.000291241
0.000873178 -0.000742359
0.00197747 -0.00013241
0.00139239 -0.000234638
0.00118676 -0.00131563
-0.00235363 -0.00308084
-0.00233103 -0.00185271
-0.00154183 -0.00210283
-0.0013514 -0.00190609
0.00237466 0.00164932
0.00143006 -0.000509396
0.000794393 -0.000746706
0.00215626 0.00153585
0.00186256 0.00221358
0.0013831 0.000420058
0.000535661 0.00096983
0.00188687 0.000891736
0.000247037 -9.09481e-05
-0.000136134 -3.28177e-05
0.000463732 -0.00081153
6.06127e-06 -0.000116044
0.000599651 6.5406e-05
0.000530998 -0.000920588
0.000535383 0.000999783
-0.000249405 0.00170058
0.00567367 0.00498906
-0.00140049 -0.0015804
0.00549937 0.00600426
-0.000594007 0.00236386
0.00448485 0.00397085
0.00150128 0.000830897
-2.61209e-05 0.000487545
-0.000249273 -0.000166299
0.00146106 0.000410537
0.00216697 -0.000455165
0.00176512 3.89145e-05
0.00223287 0.000306545
0.00182835 -2.48498e-05
0.00115488 -0.000552332
0.000849968 0.000130764
0.000439899 -0.00032274
0.00106814 0.00010263
0.00249204 0.000747098
0.00179058 0.00123261
0.000682223 0.00089694
0.00470447 0.00455795
-0.000414941 -0.000708052
0.00432397 0.00339324
0.000410081 0.00167411
0.00540175 0.00443896
0.00128509 0.000778841
0.0017705 0.000357597
0.00050075 -0.000120756
0.00124591 0.000815116
0.00174498 -0.00132593
0.000314708 -0.000231842
0.000268775 -0.000698655
0.00178395 1.13401e-05
0.000942231 -0.000293223
0.00150717 0.000210256
-0.000445214 -0.00110857
0.00151002 -0.00103939
0.00264242 -0.000415337
0.00131332 -0.000289029
0.00218448 -0.000481084
0.00104697 0.000466873
0.000237783 -0.000712188
0.00107689 -0.000340812
0.000568092 -0.00214504
0.0021736 0.00160934
0.00151684 -0.000365166
0.00120984 0.000479606
0.00207087 0.00121938
0.00232651 -0.000400738
-0.0012479 -0.00226087
0.000899774 -0.000418554
0.000975195 -0.000728603
0.000158666 -0.000794393
9.09318e-05 -0.00256147
0.00112438 -0.000536413
0.00400317 0.000912519
0.00195835 0.000144851
0.00226629 0.000526077
0.000629642 -0.000247983
0.00116946 0.00200157
0.000939685 0.000121124
-0.000145326 -0.000225491
0.00180433 0.00121952
0.00112717 -0.00100047
0.000148718 -0.000965203
0.00175105 0.00116093
0.000876649 -0.000340125
0.000297269 1.3995e-05
0.000777434 -0.000627155
0.000166462 -0.000314436
0.00104415 -0.000213911
0.00152947 -0.00166923
0.00411537 0.000669087
0.00116488 0.00122744
0.00358839 0.00154393
-0.000487679 -6.82182e-05
0.00884592 0.00399825
0.00162854 0.00058003
0.00347682 0.00059322
0.00158874 0.000839724
0.00152398 0.000330607
-4.21114e-06 -0.000294579
0.00063293 0.000165083
0.000396052 -0.00109874
0.00111839 -0.000221223
-0.000673877 -0.00262045
-0.00132569 -0.00302026
0.000954585 -0.00103106
-0.000446638 -0.00137455
0.000602118 -0.00107992
0.00129091 -0.000478232
0.00041999 -0.00085579
-0.00072187 -0.000590144
0.00139808 -9.04449e-06
-0.00138683 -0.00200776
0.00221467 0.00152364
-0.00179668 -0.00310371
-0.00143112 -0.00325145
0.0020983 0.0015603
0.0016227 -0.00019481
0.000205339 -0.000990582
0.00120807 -0.000513896
0.00109993 -0.00109323
0.000155281 -0.000881127
0.000409619 -0.000907027
0.000825387 -0.000802224
-0.000366023 -0.000222722
-0.00122813 -0.00090459
-0.000165713 -0.000441597
-0.00142816 -0.00234446
0.00220286 0.00142125
0.00035964 -0.00122749
-0.000600312 -0.00161652
0.0019525 0.00125048
0.00103536 0.000180098
0.000600049 -4.95664e-05
0.00286511 0.00469029
0.0010265 -0.000322028
0.00201477 -0.000653351
0.00191846 0.00105003
0.000986621 -0.00023939
-0.00152995 -0.00164685
0.000748296 -9.63264e-05
0.00236382 0.00285239
0.00115566 0.000307886
0.000746395 -0.000382714
0.00113462 5.94192e-05
0.00104251 0.000302921
0.000866877 -0.000391476
0.000382601 -0.000464021
-0.000254299 -0.00155233
8.75402e-06 -0.000895683
1.66894e-05 -0.000800125
-0.00316832 -0.00375952
-0.00345483 -0.00347805
0.000334503 -0.00077059
-0.00259149 -0.00267213
0.00272458 0.0018306
-0.00191793 -0.00301071
-0.00510139 -0.006529
0.00238385 0.00149834
0.000767408 -0.000642817
0.00123741 -0.00153692
0.00105371 -0.00109371
0.00119148 -0.000731826
0.000799659 -0.000167301
-0.00221979 -0.00227375
0.00093202 -7.51792e-05
-0.00136541 -0.00262557
0.00216873 0.00156822
0.000815254 -0.00157043
0.000380612 -0.000754022
0.00207261 0.00140164
0.000671866 -0.000682373
0.00106514 -0.00128906
0.00456874 0.00339452
-0.000129143 -0.000752599
0.00501793 0.00105645
0.00122108 -0.000529392
0.00880057 0.00822366
0.000482165 -0.000477887
0.000392419 -0.000797767
0.000537957 -0.000322548
0.000497887 -0.00039149
0.00318699 0.00215058
0.00311991 0.00137335
5.52813e-05 -0.000281695
0.00664518 0.00568091
0.000671805 0.000825948
0.00155457 0.00174064
0.00123208 0.000518212
0.00163303 0.000104822
-0.000325333 -0.00149967
0.00123662 0.000528796
0.00155355 0.00199657
-9.87108e-05 -0.000220986
0.00321508 0.00587921
-0.000146623 0.00145431
0.00111301 0.0019682
0.00116045 0.000552748
0.000620417 -0.000401926
-0.000107938 -0.00146617
0.00108191 0.000657904
0.000636466 -0.000969047
0.00925672 0.00803965
0.00422201 0.00542628
0.0128637 0.0179309
-5.46199e-06 -0.000630991
0.00172465 0.000774508
0.000477422 -0.00055499
0.000272483 -0.000465092
-0.000915185 -0.000881303
-0.00213927 -0.00231432
-0.000389846 -0.00100186
0.0020789 0.00133716
-0.000381456 -0.00180566
-0.00241885 -0.00371139
0.00166739 0.00101702
0.00369836 0.00433117
0.0192354 0.0162176
-0.00282991 -0.00342695
0.00336883 0.00315788
-0.00220163 -0.00206532
-0.00225294 -0.00326899
0.00329408 0.00540676
0.00133873 0.000685002
0.00027766 0.000532537
-0.000268752 -0.000629375
0.00118927 0.000368386
-0.00235531 -0.00287845
0.000808913 -0.00016466
-0.00174953 -0.00261648
-0.00180505 -0.00269422
0.00140789 0.000907749
0.00211901 0.00133326
-0.00063343 -0.0017947
-0.00244688 -0.00410127
0.00142456 0.00113522
0.00205503 0.00113194
0.0150564 0.0184769
-0.000823041 -0.00180134
-0.000288208 -0.00235401
0.000600438 -0.00130152
-0.00040875 -0.00214888
0.000730379 -0.001548
-0.000971245 -0.0022829
0.000217268 -0.00231675
0.00096397 -0.0017891
0.00920634 0.0148832
-0.000835865 -0.00205625
0.000104697 -0.00168571
0.0121449 0.0177678
0.000895078 -0.000442617
-0.000407685 -0.00203088
0.00221233 0.00179356
-0.000777754 -0.00200552
0.00169265 -0.00181284
0.000542972 -0.00152492
0.00666828 0.00516381
-0.00112405 -0.00193871
-0.000371457 -0.00180257
-0.000756257 -0.00146246
-0.00107869 -0.00179891
-0.000795993 -0.00141147
0.000357422 -0.00201237
0.00104406 -0.000595962
-4.40327e-05 -0.00211892
0.000670998 -0.000874017
-0.000549639 -0.00228149
0.000281884 -0.00167756
-0.00019478 -0.00195881
0.00962428 0.0130958
-0.000802511 -0.00178858
0.000816952 -0.000635403
0.00781198 0.0146243
-0.000130366 -0.00102779
-0.000810847 -0.00212197
0.00291813 0.00120135
-0.000592136 -0.00172339
0.000729333 -0.00174454
0.00131803 -0.00118696
0.00623816 0.00331315
-0.000914843 -0.00191531
-0.000629985 -0.00189931
-0.000835081 -0.00155779
-0.000918503 -0.00164114
-0.00178905 -0.00206463
-0.00194885 -0.00278742
0.00153273 0.000464012
0.000937334 -0.00020695
0.000783216 6.7675e-05
0.000816867 -0.000417127
0.00117871 -0.00132532
0.000193898 -0.00217207
-0.000989829 -0.00188527
0.00113643 0.000132521
-0.000151332 -0.000761176
0.00137231 -0.0013769
0.000143138 -0.00137787
-0.00082685 -0.00183432
-0.00401377 -0.00453691
0.000890323 0.0002007
-0.00323491 -0.00292322
0.00026571 -0.000705579
0.00262076 0.00177201
-4.04138e-05 -0.0017021
9.04346e-05 -0.00100796
0.00240907 0.00169851
-0.00330224 -0.00350939
0.00133473 0.000605689
0.000469723 -0.000153739
-0.000377702 -0.000966599
0.000580633 0.000102239
-0.000153912 -0.00103796
0.000127253 -0.00210182
0.000792585 0.000491272
0.00102601 0.000977345
0.00190161 -0.00147
-0.000470833 -0.000931262
-0.00100322 -0.0017742
-0.00192465 -0.00408836
-0.0040661 -0.00364004
-0.00147349 -0.00188856
-0.00507509 -0.00515815
-0.000302058 -0.000891255
0.00243642 0.00148569
-0.00165326 -0.00160665
0.000548639 0.000272806
0.00210907 0.00142214
0.000955093 -0.000347146
0.000116481 -0.000438213
-0.000170123 -0.000636563
0.000927861 -0.000126729
0.000122254 -0.000830817
0.00220143 0.000143645
0.000793312 -0.000142577
0.00029805 0.00011304
0.00225921 0.000988296
0.000838794 -0.00149273
-0.000640014 -0.00162661
-0.000480207 -0.00203306
-0.00238438 -0.00250736
-0.000382252 -0.000771299
-0.00337765 -0.0032772
0.00141211 0.000621459
0.00172549 0.0010163
-0.000643051 -0.00102871
0.000665982 0.000311687
0.00168665 0.00113402
-0.000926701 -0.00318687
-3.48888e-05 -0.000634234
-0.000560392 -0.00145235
0.00150187 -0.000147884
-0.000764791 -0.00220318
0.00186101 0.000596428
-0.000759707 -0.00238526
0.000663886 -0.00162929
-0.000765861 -0.0015088
0.000302986 -0.00076865
0.00101635 -0.000408732
0.00141102 0.000506739
0.000431397 0.000251986
0.00106449 0.000136622
0.000726637 -0.000367746
0.0024972 0.00170254
-0.000202731 -0.00105828
0.00167125 0.000568761
0.00246472 0.00165897
0.000398774 -0.000436186
-0.00173327 -0.00396976
-0.000434794 -0.0022886
0.000990797 -0.00119359
0.000690814 -0.000142672
-0.00115762 -0.00312547
0.00212596 -0.000740434
-0.00309998 -0.00415392
-0.0017228 -0.00295503
0.00119405 -0.000466275
0.000391777 -0.000310375
0.000106374 -0.000385233
0.000387825 -0.000700028
0.000636767 -0.000281162
0.0022752 0.00147956
-0.0019613 -0.00325667
0.00104244 -0.000582264
0.00228815 0.00166806
3.90099e-05 -0.000258972
0.000718122 0.000225583
-0.000816078 -0.00237196
0.00131617 0.000883577
0.000931338 0.000551843
0.000765453 -0.00115346
0.000150666 -0.000798314
-1.22783e-06 -0.000670864
-0.000443788 -0.00155952
0.000188208 -0.000501071
-0.000328967 -0.000889752
-0.000344184 -0.00135648
0.00077508 -0.000784928
0.00262268 0.00171438
-0.00118201 -0.00129596
0.000869025 0.000516246
0.00199904 0.00121803
2.17322e-05 -0.0022629
-0.000527761 -0.0021754
-0.000626692 -0.00234544
-0.00251439 -0.00424611
0.00116928 -0.00132509
-0.0022881 -0.00449862
-0.00151102 -0.00366569
0.000800491 -0.000528025
-0.000398034 -0.00131538
-1.25969e-05 -0.000273846
3.96631e-05 -0.000599414
0.000566794 -0.000268442
0.00279052 0.00197676
-0.00455007 -0.00699688
-0.00180357 -0.00373564
0.0027375 0.00207815
0.000299586 -0.00170435
-6.61523e-07 -0.000802083
0.000719834 -0.000583051
0.00150335 -0.000889956
-0.000879191 -0.00336256
-0.00211208 -0.00408725
0.000401198 -0.000264492
-0.000761653 -0.00109454
0.000393407 -0.000252376
-0.000305239 -0.00127825
0.000283118 -0.000268954
0.00233434 0.00148188
-0.00120552 -0.00277457
-0.000661109 -0.00178971
0.00215867 0.00161291
-0.00084414 -0.00215869
0.000893477 -0.000367987
0.00698143 0.010811
0.000862043 -0.000727294
-0.000293823 -0.00158436
0.00281349 0.00205897
-0.00105884 -0.00231947
-0.000314088 -0.0017692
0.0001943 -0.00109677
0.00345349 0.00284907
-0.00122135 -0.00206714
-0.000569775 -0.00168732
-0.00114996 -0.00168115
-0.00120585 -0.00194304
0.00109546 -0.000166732
-7.97889e-05 -0.00110996
0.000681327 -0.00070093
0.000477691 -0.000629289
0.000873247 0.000298298
-0.00324795 -0.00413692
0.00132976 0.00110975
-0.000156384 -0.00049231
0.00067109 3.47912e-05
0.00282137 0.00182169
-0.00146853 -0.00286589
-0.00599157 -0.00649943
0.00248451 0.00168892
0.000799707 -0.000633473
-0.000326645 -0.00206171
-0.000220501 -0.00118014
0.000791444 -0.000178237
0.000878759 0.000139364
0.000880218 0.000311994
0.000427037 0.000344486
0.000775923 -0.00012003
0.00226104 0.0014195
-0.000145532 -0.00195181
0.000605311 -0.00068912
0.00223589 0.00145394
0.00133526 -0.000799941
0.000782991 -0.00123682
0.00428534 0.00223525
-7.62238e-05 -0.000783413
0.00320774 -0.00116223
0.00190849 -0.000925972
0.00629741 0.00354439
-2.48447e-05 -0.00106014
0.0001989 -0.00118703
1.15139e-05 -0.000731253
-6.68474e-05 -0.000865699
-0.00383129 -0.00570636
0.000337216 -0.00136996
-0.000114325 -0.00102122
-0.0014252 -0.00150054
-0.000316744 -0.00136648
0.000230085 -0.000595557
0.00205436 0.00139306
-0.00312611 -0.0049319
-9.75587e-06 -0.00124607
0.00204281 0.0014496
-0.00040018 -0.00189305
-0.000894621 -0.00167122
-0.000810802 -0.00119414
-0.00107441 -0.00189592
0.000466225 -0.000717528
0.00224659 0.00157016
-0.00313729 -0.00414928
3.94773e-05 -0.00118337
0.00221422 0.00144074
-0.00220435 -0.00201873
0.000596628 -0.0016638
-0.00253432 -0.00348717
0.00357717 0.003516
0.00118912 0.00066966
-0.00140447 -0.00140137
0.000640426 0.000245489
0.000955129 0.000609413
0.000925222 0.000277915
-0.00565678 -0.00509134
8.31577e-05 -0.000639079
0.002601 0.00185017
-0.00236791 -0.00341293
-0.00308452 -0.00417607
0.00231873 0.00162231
-0.000722369 -0.00112467
0.00125131 -0.000795781
0.0023053 0.00149
-0.000615136 -0.00104665
0.00104331 0.000530661
0.00212678 0.0013768
0.0011099 -0.000674861
0.00190604 0.00129129
-0.00213697 -0.00203494
0.000105715 -0.000444751
0.00160248 0.00101087
0.000676906 -5.71252e-05
-0.000354465 -0.000328944
0.000600296 -7.0111e-05
0.000524242 -5.17476e-05
0.00234775 0.00157253
0.00240717 0.00151481
-0.000461253 -0.00156482
-0.00320905 -0.00492279
0.0023351 0.00176739
0.0021909 0.00142854
-0.000934604 -0.00229438
-4.64435e-05 -0.0027332
0.00164324 -0.000562304
0.000209711 -0.00265773
0.00149498 -0.0012632
-0.00164701 -0.00265125
-6.43427e-05 -0.00274077
0.000277717 -0.00248891
0.0085299 0.0113431
-0.000936471 -0.00271608
0.0010131 -0.000713162
0.0186695 0.0254797
-0.000180587 -0.0012745
-0.000326344 -0.00228702
0.00253824 0.0016312
-0.000659194 -0.00233709
0.00225809 -0.00199192
0.000129495 -0.00133855
0.00707819 0.00617291
-0.00163977 -0.0023319
-0.000519574 -0.00236228
-0.000917918 -0.0020866
-0.00143624 -0.00223813
-0.00230625 -0.00243712
-0.00209787 -0.00322008
0.00209347 0.000695139
0.00124298 -0.000301471
0.000359137 -9.11163e-05
0.00176792 -0.000156843
0.00127593 -0.00113623
0.000579481 -0.000511969
-0.00054173 -0.00129913
0.00124249 -1.03274e-05
-0.00166272 -0.00300946
0.00089911 -0.000764834
0.000213283 -0.00182646
-0.00103499 -0.00230956
-0.00386368 -0.004387
0.000646129 -7.26569e-05
-0.00281367 -0.00358943
0.000101105 -0.00116813
0.00259348 0.00193961
0.000737006 -0.0016094
0.000171928 -0.000772014
0.00236615 0.00159925
-0.00363088 -0.00449695
0.00189349 0.000879121
0.000285044 -0.000157335
0.000194833 -0.000867867
0.000687449 0.000123714
-0.000203396 -0.000764145
1.30545e-05 -0.00124066
0.000787486 0.000476046
0.00111704 0.000680195
-0.000315185 -0.0029836
-0.000327492 -0.00102439
-0.00107877 -0.0015851
-0.0027636 -0.00497654
-0.00435637 -0.00375019
-0.000165025 -0.00180866
-0.00648922 -0.00662591
9.26561e-05 -0.00051933
0.00252693 0.00171739
-0.00159325 -0.00181764
0.000522673 0.000229789
0.00218252 0.00147857
0.00137441 0.000946941
0.000977309 -0.000301089
0.000452268 -0.000561328
0.00144216 2.22708e-05
-0.000141344 -0.000788033
0.0011042 -0.000440413
0.00105568 0.000108403
0.00107855 0.000460831
0.00110928 3.15956e-06
0.000202043 -0.000993721
-0.000386048 -0.00122854
-0.000665864 -0.00300804
-0.00223035 -0.00233882
0.00116707 -0.000467973
-0.00277966 -0.00372368
0.000943405 0.000138274
0.00192451 0.00122894
-0.00014137 -0.00109506
0.000810648 0.000376502
0.00193311 0.00130472
-0.000897406 -0.00219711
0.000203805 -0.000912652
0.000497607 -0.00135369
0.00194812 0.000193979
0.000222084 -0.00157517
0.00237299 0.00063901
-0.00136342 -0.00137178
6.19963e-05 -0.00305256
0.000254508 -0.00158014
0.000465458 -0.000351731
0.00134937 0.000213186
0.0016515 0.000700428
0.000382972 -0.000257978
0.00150901 0.000570005
0.000128072 -0.00125331
0.00242554 0.00177749
0.00046427 -0.00110156
0.00183607 0.000560794
0.00237718 0.00165559
0.000788188 -0.000551562
-0.00138668 -0.00341589
0.000483246 -0.00158999
0.000469139 -0.000878363
0.000960212 -0.000312708
-0.000603215 -0.00269209
0.00149479 -0.0014791
-0.00185584 -0.00437373
-0.00142413 -0.00261626
0.00114386 -5.85879e-05
0.0010244 -0.000596028
-0.000315325 -0.000551731
0.000738659 -0.000597407
-0.000197385 -0.000592612
0.00210543 0.00139673
-0.000870596 -0.00313801
0.0013328 -0.000500935
0.00210437 0.00145903
0.000308802 -0.000248891
0.000947672 3.54941e-05
0.000148568 -0.00127194
0.00126936 0.000505431
0.000634169 0.000521523
-0.00109113 -0.00371124
0.000248196 -0.00104097
-0.000119495 -0.00104386
4.12462e-05 -0.00179878
0.00023423 -0.00056655
0.00047979 -0.00156605
-0.000574474 -0.00134863
0.00081544 -0.00138671
0.00248941 0.0018453
-0.000852164 -0.00109903
0.000906066 0.000431187
0.00185849 0.00100534
-9.5406e-05 -0.00181591
5.91195e-05 -0.00139142
-3.61786e-05 -0.00206933
-0.00256332 -0.00385438
-0.000254712 -0.00302517
-0.00174169 -0.00396997
-0.00119517 -0.00361173
0.00117051 -0.00019273
0.000190644 -0.00131356
-6.48622e-05 -0.000722025
0.000746644 -0.000280164
-0.00032176 -0.000953832
0.00263125 0.00193308
-0.00417012 -0.00589938
-0.00160393 -0.00341766
0.00256477 0.00181983
0.00162949 -0.000778185
0.000191779 -0.000846964
0.00101146 -0.000637215
0.000265336 -0.0023675
0.000187848 -0.00322282
-0.000961869 -0.00290857
0.0011701 -0.00121014
-0.000624995 -0.00111879
0.000305512 -0.000357638
-0.000181117 -0.00106236
-8.02087e-05 -0.00112135
0.00221136 0.00154599
-0.000360279 -0.0021615
-0.000798656 -0.00167885
0.00202284 0.00146201
-0.000332501 -0.00147976
0.000323715 -0.000637158
0.0109612 0.0138365
0.000871067 7.97241e-06
0.000815073 -0.00138209
0.00129674 0.00158956
-5.2447e-05 -0.0012584
0.000772956 -0.00102748
0.000514136 -0.000624581
0.00298507 0.00433657
-0.000387651 -0.000831164
0.000199145 -0.00103332
-0.000103268 -0.0008815
-0.000407546 -0.00101989
0.00180397 -0.000509724
-0.00251691 -0.00348706
0.000725178 -0.000641687
0.000182598 -0.000450021
0.000990923 4.52777e-05
-0.00299652 -0.00424346
0.000851421 0.00072201
9.46529e-05 -0.00035899
0.000139031 -0.000715831
0.00264011 0.00170345
-0.00129802 -0.00278568
-0.00499719 -0.00628612
0.00229407 0.00136848
-0.000551785 -0.0015471
4.07222e-05 -0.00234834
-6.7152e-05 -0.00128747
0.000936057 -1.64258e-05
0.00102285 0.000123427
0.000422616 -0.000171374
0.000819824 0.000324164
-8.78239e-05 -0.000552161
0.00215929 0.00133163
-4.65797e-05 -0.00209247
0.000899923 -0.000652055
0.00211993 0.00142904
0.00100616 -0.00122818
0.000598072 -0.0021035
0.00461733 0.0046157
-0.00218632 -0.00345588
0.0054425 -0.000195485
-0.000590979 -0.00220688
0.0121373 0.00957588
-0.00270443 -0.00325914
-0.00115853 -0.00291072
-0.00168755 -0.00305959
-0.00263099 -0.00329885
-0.00307041 -0.00469411
0.000947735 -0.000924686
6.96418e-05 -0.000856111
-0.000845862 -0.00157545
-0.000226709 -0.00107185
-0.000107 -0.00106799
0.00197797 0.00131609
-0.00136372 -0.00404673
0.000525827 -0.00155305
0.00195163 0.00139135
0.00029878 -0.00150823
-0.000744322 -0.00159192
-0.00046891 -0.00121089
-0.000941905 -0.00195924
5.13419e-05 -0.000836087
0.0019367 0.00117777
-0.00230026 -0.00357434
-0.000141213 -0.00110654
0.00189544 0.00125887
-0.00193063 -0.00226423
0.00279427 -0.00074162
-0.00397131 -0.00442326
0.00393358 0.00545789
0.00131375 0.000575934
-0.000602355 -0.00128797
0.00100035 0.000159969
0.000994322 0.000493278
0.000420163 -0.000432451
-0.00557575 -0.00509684
-0.00118006 -0.00120842
0.00253793 0.00173105
-0.00213259 -0.00317851
-0.00319239 -0.00386597
0.00217523 0.00153427
0.000441148 -0.00108695
0.00433099 0.00097706
0.00160377 0.000971583
-0.000543008 -0.00151515
0.000397432 -0.000124927
0.00156796 0.000619297
-9.87696e-05 -0.000783802
0.00212035 0.00147184
-0.00128662 -0.00211534
0.000368077 -0.00026894
0.00180007 0.00122327
-1.38775e-05 -0.000710642
-0.000841533 -0.000817772
-0.000458379 -0.000731378
-9.29139e-05 -0.000848202
0.00215728 0.00151036
0.00228053 0.00151704
-0.00053259 -0.00150103
-0.00286051 -0.00461664
0.00213472 0.00160403
0.00205511 0.00137913
-0.0026373 -0.00261493
-0.0031926 -0.00276734
0.000786665 0.000357952
-0.000141665 -0.000257044
0.000554876 0.00018386
0.00047925 -0.000469624
-0.000122277 -0.00105887
0.0008391 -0.00097951
-0.00124631 -0.00115637
0.000733536 0.000111339
-0.000195594 -0.00168053
-0.000103819 -0.000979282
-0.000696438 -0.00162285
-0.00204518 -0.00179283
-0.00472421 -0.00438225
0.000548224 0.000228763
-0.00414369 -0.00360209
-0.000292746 -0.000380826
0.00249925 0.00173417
-0.00033812 -0.00142838
0.00010441 -0.000638084
0.00230231 0.00176424
-0.00451606 -0.00484082
0.00130807 0.000563775
0.000670759 -4.41739e-05
-0.000331939 -0.00103563
0.000665935 0.000237422
-0.000335418 -0.000441256
0.000351537 -0.00114455
0.000907224 0.000636044
0.0012338 0.000718409
-0.00028565 -0.00209773
-0.00054791 -0.000535621
-0.0013139 -0.00185623
-0.00356642 -0.00567453
-0.00410258 -0.00369515
-0.00107649 -0.00211286
-0.00660778 -0.00745171
-0.000391846 -0.00123607
0.00253233 0.00185467
-0.00150668 -0.00156965
0.000775954 0.000403297
0.00222134 0.00166466
0.000672 0.000184562
0.000261144 -0.000499715
-0.00034264 -0.00070936
0.000635945 -0.000141646
-0.00054239 -0.00110085
0.000737648 0.000244658
0.000490878 8.23261e-06
0.000110236 -0.00012996
0.00202134 0.000208247
-0.000211887 -0.000899625
-0.00125533 -0.00203852
-0.00163077 -0.00313526
-0.00295525 -0.00267052
0.000329669 -0.000784225
-0.00378227 -0.00411294
0.00061843 -0.000537565
0.00175749 0.0011218
-0.000568718 -0.00092632
0.000657589 0.000254047
0.00179126 0.0011521
-0.00198534 -0.00236166
-0.000845908 -0.00105295
-0.000851156 -0.00154205
0.00117697 0.00028728
0.00102857 -0.000713232
0.00122218 0.000401875
-0.000991393 -0.00192575
0.000594171 -0.00203212
-0.000426259 -0.00167294
0.00043188 -0.000380474
0.000442827 -8.52278e-07
0.00115617 0.000439381
0.00023918 -0.000204838
0.000812167 0.000326219
0.000577885 1.91991e-05
0.00223906 0.00141866
-0.000522465 -0.000953956
0.00118155 0.000417339
0.00221464 0.0013458
-0.00014588 -0.000590784
-0.00195492 -0.00406387
-0.000846307 -0.00233348
0.000881839 5.15211e-05
0.000549757 -0.000263495
-0.000864819 -0.00233043
0.001052 -0.000674067
-0.00411815 -0.00513626
-0.00208521 -0.00331764
0.00102682 -0.000489463
0.000488384 -7.5958e-05
4.43192e-05 -0.000731259
0.000199957 -0.000438262
0.000713282 -0.000229011
0.00210169 0.00135847
-0.00231953 -0.00353363
0.000138418 -0.000539651
0.00211852 0.00146332
3.12929e-05 -0.000384875
0.000464666 0.000157951
-6.30536e-05 -0.00095926
0.00146236 0.000469373
0.000715261 5.05192e-05
-0.00124541 -0.00255648
-0.000549779 -0.000912814
-0.000369611 -0.000604284
-0.000871257 -0.00123017
-0.000135718 -0.000429373
-3.49144e-05 -0.00120659
-0.00028495 -0.00123458
0.000555009 -0.00076857
0.00257893 0.00165491
-0.00107275 -0.0011553
0.000949763 0.000408083
0.00185826 0.0010128
3.16957e-05 -0.00202849
0.000509297 -0.00114143
-0.00109844 -0.00244647
-0.00263403 -0.00398759
0.000367331 -0.00227399
-0.00280352 -0.0045102
-0.001719 -0.00347407
0.00052761 0.00043304
-0.000221349 -0.00116752
6.97225e-05 -0.000166936
0.000411485 -2.75762e-05
0.000269983 -0.000150391
0.00269091 0.00202928
-0.00503114 -0.00676772
-0.00216796 -0.00334124
0.00264301 0.00195969
0.00103577 -0.00147545
-6.34228e-05 -0.000802266
0.000861665 -0.000819455
0.00025703 -0.00197072
-0.00190341 -0.00363453
-0.00307087 -0.00482902
-0.000497377 -0.000829012
-0.000580593 -0.00115961
0.00018758 -0.000169623
-0.000928727 -0.000876658
0.0004114 -0.000355677
0.0023812 0.00174238
-0.00142479 -0.00244757
-0.000794533 -0.00164324
0.00221461 0.00161141
0.000204276 -0.00108532
0.00080289 0.000248174
0.00794665 0.0112895
0.000443773 -0.00023454
0.000859085 -0.000827237
0.00133285 0.00165453
0.000341136 -0.00110389
0.000413524 -0.000959567
0.000633657 -0.000373626
0.00314611 0.00240253
-0.000100473 -0.00076095
0.00016527 -0.000765634
0.000135859 -0.00073103
-0.000106657 -0.000677237
0.00128345 -0.000705367
-0.000957049 -0.00235086
0.000434714 -0.00035614
8.69952e-05 -0.000318092
0.000844594 0.000361037
-0.00333704 -0.00359546
0.00116863 0.000904049
0.000180966 -0.000428201
0.000415882 -0.000168623
0.00251496 0.00158975
-0.0021675 -0.00256737
-0.00564122 -0.0058957
0.00220339 0.00130665
0.000808839 -0.000689607
-0.000267132 -0.00223692
-9.15331e-05 -0.00180864
0.00071297 4.49428e-05
0.000775133 1.72859e-05
0.000305485 0.000501439
0.000833888 0.000268545
0.000672052 -0.000415404
0.00193828 0.00138942
-0.000983644 -0.00202645
0.000391455 -0.000731564
0.00192235 0.00125721
0.000323723 -0.00117844
-0.00070017 -0.00203756
0.00244202 0.00211781
-0.00128526 -0.00210396
0.00296975 -0.00163678
0.000764541 -0.00138974
0.00627836 0.0045464
-0.00128917 -0.0021553
-0.000230166 -0.00199593
-0.000619374 -0.0018063
-0.00115702 -0.00216056
-0.00518545 -0.00712772
-0.000390152 -0.00118598
-0.000155063 -0.000715422
-0.00123595 -0.00156682
-0.00108006 -0.00111149
5.75929e-05 -0.000800066
0.00224785 0.00155627
-0.00287406 -0.00425662
-3.58866e-05 -0.000991937
0.00223318 0.00171809
-0.00138143 -0.00205925
-0.00108397 -0.00145104
-0.000629464 -0.0012954
-0.00183409 -0.00240167
-0.000306022 -0.000849976
0.00232538 0.0015818
-0.00301151 -0.00395695
-0.000177044 -0.000802805
0.00229335 0.00179762
-0.00208225 -0.00221805
0.000985785 -0.00128609
-0.00416646 -0.00537341
0.000917185 0.00124622
0.00155033 0.000984504
-0.000804008 -0.00128644
0.000991089 0.000467504
0.00125669 0.00080999
0.000526245 0.000240167
-0.00587825 -0.00567814
-0.000498533 -0.000642953
0.00249457 0.00174837
-0.00235614 -0.00300936
-0.00302086 -0.00387427
0.00216414 0.00141789
2.48448e-05 -0.00108057
0.00188497 -0.00108282
0.00224993 0.00148256
-0.000687179 -0.00123035
0.000819717 0.000247743
0.0019501 0.00122206
-0.000194573 -0.001242
0.00207936 0.00133102
-0.00171679 -0.00236934
0.000276749 -0.000390645
0.00178909 0.00108648
0.000729496 6.12232e-05
-0.000295498 -0.000564741
0.000145367 -0.000134877
0.000591487 -0.000173431
0.00226947 0.00166348
0.00228348 0.0014893
-0.000506203 -0.00161932
-0.00347581 -0.00461973
0.00225915 0.00166234
0.0020817 0.00139914
0.028248 0.0337171
0.00141277 -0.000907154
0.00365657 0.00306329
0.00895578 0.00640314
0.0056708 0.00411153
0.00942425 0.00769425
-0.00167573 -0.00129752
0.00397816 0.00336834
0.00163917 -0.00115421
-0.00245467 -0.0015731
0.00555354 0.00878906
0.00871701 0.0141989
0.0185517 0.0285743
0.027758 0.0315111
0.00232034 0.0041564
0.0340935 0.0414396
0.000521355 0.00198633
-0.000385151 -0.00194468
0.0104457 0.0132642
0.00373414 0.00328281
-8.37478e-06 -0.00211707
0.000809862 -0.000406825
0.0028589 0.00437618
0.00672525 0.00520749
0.00292215 0.00397397
0.00849129 0.00932507
-8.81914e-05 -0.000646832
0.00578818 0.00364417
0.000371161 -0.00125922
-0.00238293 -0.00198841
0.00623448 0.00964819
0.00854763 0.014617
0.0190984 0.0283798
0.028769 0.0286494
0.00105303 0.00363869
0.031756 0.0367126
8.61642e-05 0.00189909
-0.00174199 -0.00292018
0.00928632 0.0110817
0.00295692 0.00229348
-0.00137203 -0.00306341
0.00552812 0.00105526
0.00236045 0.000196544
0.00410642 0.000698251
0.00164924 0.000765951
0.000985145 -0.000172947
0.000373687 -0.000371077
0.00253722 -6.16459e-05
0.00107638 0.000445232
0.0036459 0.000838081
0.00230973 0.000522223
0.00113484 -0.000226284
-0.000220832 -0.000446279
0.0010803 -0.00012832
0.00168044 -0.000495303
0.00106946 8.71364e-05
0.00161569 0.000993548
0.00242955 0.00121357
0.000788082 0.000379469
0.00142562 0.000812876
0.00376435 0.00148949
0.00505595 0.00603129
0.00222379 0.00656558
0.000510883 -0.000894254
0.00116703 0.00192488
0.00240221 0.00204904
0.000700679 -7.95808e-05
0.00557219 0.00943849
0.00391922 0.00863744
0.00234403 0.00325016
0.00334655 0.00579241
0.00223312 0.00169934
0.00503746 0.00553673
0.000998052 0.000454872
0.00100216 0.000211009
0.00528977 0.00811264
0.0017909 0.00244498
0.000862412 0.000293239
0.00257629 0.00304267
0.00424948 0.00216869
0.000513041 -0.000366578
0.00267606 0.000632932
0.00133217 7.20763e-05
0.000203451 5.70328e-05
0.00223106 0.00323428
0.00351371 0.00404453
0.00686602 0.00576514
0.0101285 0.00664636
0.000214638 0.00113999
0.0118134 0.00835238
2.23429e-05 0.000743877
0.00116711 2.48074e-05
0.00385431 0.00413744
0.00204359 0.00149775
0.000412345 -0.000122548
0.00206335 0.00663046
0.000581061 -0.000754396
0.00413007 0.00641602
0.00421969 0.00315711
0.0010767 -0.000666706
0.00486451 0.00982224
0.00326996 0.00983498
0.00258987 0.00217986
0.0065126 0.00983539
0.00104069 0.00236833
0.00509338 0.00608812
0.000591661 -2.90619e-05
0.000775571 -0.000128766
0.00664571 0.0127311
0.00260292 0.00737514
0.000594161 2.54603e-05
0.000224988 -0.000906898
0.00325351 0.00477004
0.000698892 0.00251848
-0.000333425 -0.000924635
0.00594099 0.0112586
0.00870653 0.0142707
0.00498814 0.00579411
0.0128091 0.011731
0.000477508 0.00210802
0.00880375 0.0105392
0.000514571 -0.000170893
0.000533189 -0.000713628
0.00583518 0.0107847
0.00267198 0.00619013
0.000248623 -0.00075194
-0.000779973 -0.0011798
0.000618117 -0.000163718
-0.000265604 -0.000888871
0.00064549 -0.00156163
0.000363933 -0.000761381
-0.000334664 -0.000985453
-0.00291664 -0.00257505
0.00117792 4.53603e-05
-0.00270666 -0.00166129
-0.000190193 -7.7632e-05
0.00171162 0.000855467
0.000124867 -0.00131381
-0.00033015 -0.000794302
0.00155968 0.000765697
0.00101512 0.00139738
-0.000803581 -0.00155556
0.00167822 0.00497179
0.00263734 0.00472166
5.11488e-05 -0.000372053
0.0196282 0.0205468
0.00153711 -0.000353462
0.00602886 0.00688332
-0.00023999 -0.00139575
-0.00014507 -0.0010683
0.00554111 0.0102847
0.0103807 0.0132649
8.1713e-05 -0.00109854
0.000253653 0.000193557
0.00276225 0.00305372
0.00160594 0.00244893
0.000520051 -0.0010469
0.00062979 0.00151389
0.00092047 0.000198464
0.00106451 -0.000445323
0.00110443 0.000113948
0.00143018 0.000619405
0.00299507 0.0026514
0.00233834 0.00164381
0.00118415 0.000515204
-0.000185091 -0.000624446
-0.000760364 -0.00112867
-0.00154445 -0.000845377
-0.00389932 -0.00361511
-0.000397336 -0.000551167
-0.00311823 -0.00216623
-0.000394451 -0.000870592
0.00195421 0.00121095
-0.000573016 -0.00134379
5.63802e-06 -0.000560165
0.00177137 0.00120323
0.00640163 0.0174332
0.00385472 0.00750531
0.00536813 0.0108669
0.00141591 0.00350196
0.0066016 0.0116032
0.000124266 0.000606534
0.000173885 -0.000667025
0.00435441 0.0137516
0.00104703 0.00600275
3.33447e-05 -0.000511837
0.00427899 0.0107402
0.01129 0.017218
0.00156254 0.00374463
0.0106798 0.0181863
0.000225721 0.000785185
-0.000163414 -0.00104951
0.00616329 0.0159839
0.0015889 0.00641442
4.19184e-05 -0.000917573
0.0128879 0.0192098
0.000642022 0.00337208
0.0236432 0.0322929
0.00169574 0.00176194
-0.000201585 -0.00136929
0.00399098 0.00871139
0.00049417 -0.000206902
2.72811e-05 -0.00148734
0.000105769 0.00181665
0.0367971 0.0421717
-0.000853542 -0.000258681
-0.00215989 -0.0035239
0.0153377 0.0216253
0.0144865 0.015514
-0.00111179 -0.00325586
0.00173739 0.00445248
-0.000680026 9.63882e-05
0.00122831 0.000692999
0.00147465 0.00368878
0.000407034 0.000725344
0.000933258 0.000347994
0.000981988 0.00192934
-0.00188972 -0.00310174
0.0129794 0.0171811
0.00440786 0.00567979
-0.00131618 -0.00285028
0.00155493 0.000919934
0.000156316 0.000114366
-1.62678e-06 -0.000578944
0.00152645 0.000946506
-0.000303669 -0.00108084
0.00034474 -0.000481229
-0.000354988 -0.00134648
0.00514854 0.0121965
-0.000202921 -0.000981207
0.000533307 -0.000693643
0.00110069 -0.0012688
0.00408028 0.00411834
0.0141924 0.00901827
0.00345504 0.00268764
0.00925247 0.00993578
-0.00274011 -0.00238495
0.00231781 0.000306369
-0.000659422 -0.00192476
-0.00367431 -0.00312818
0.0092523 0.0106558
0.0155306 0.0182417
0.0507906 0.0634081
0.0295263 0.0333989
0.00735976 0.0124375
0.0561084 0.0689592
0.00824216 0.011216
-0.0022115 -0.0043482
0.014995 0.0148016
0.00147474 0.00124475
-0.00211882 -0.00400643
0.00445444 -0.000428791
0.00192698 -4.56448e-05
0.00154176 -0.000204613
0.000636529 -0.000264589
0.00109516 0.000611718
0.00112999 0.00029447
0.00103239 -0.00159314
0.000925039 0.000513472
0.00255752 0.000192703
0.00167132 0.000117297
-0.000930007 -0.00192832
-0.0015274 -0.000805621
0.00106667 -2.99072e-05
-0.00217096 -0.00244854
-1.36233e-05 -0.00019337
0.00195554 0.00107611
0.00229799 0.000221125
0.00130488 -0.000215426
0.00145032 0.0010454
0.00440114 0.00254281
0.00334592 0.00225916
0.00255412 0.00385941
8.13775e-05 -0.00031796
0.0013778 -0.000641984
0.00182316 -0.000607273
8.1701e-05 -0.000403867
0.00652818 0.00648383
0.00553778 0.00711315
0.00262702 0.00453672
0.000945475 0.00348534
0.00204467 0.00268721
0.0033256 0.00579862
-0.000260264 0.000655611
0.00164944 0.000276177
0.00609595 0.0051798
0.00128619 0.000323421
0.000986523 0.000462313
0.00502279 0.00244978
0.00510875 0.00190943
-0.000237905 -0.000645515
0.00118053 3.78356e-05
0.00156379 0.00017176
-0.000294706 -0.000713415
0.00603247 0.00483049
0.0077362 0.00722829
0.0164644 0.0147
0.00884889 0.00936824
0.00319911 0.00717493
0.017998 0.0173565
0.00243679 0.00331759
0.000753967 -0.000693484
0.0098348 0.00746445
0.000921796 0.000408235
-0.000282043 -0.0011828
0.00180318 0.00358984
-2.81034e-05 -0.000156798
0.00155576 0.000676731
0.00171168 -0.00122005
7.01825e-05 -0.000192628
0.00194007 0.00527092
0.00268577 0.00630001
0.00171854 0.00114472
0.0053094 0.00554853
0.000621156 0.00282861
0.00659768 0.00505679
-0.000779938 -0.000613461
0.00128636 0.000465145
0.00536244 0.00858826
0.000479264 0.002098
0.000857312 0.00035359
-0.000437827 -0.000425129
0.00181045 0.001213
0.000229838 0.000217303
-0.000905119 -0.000472635
0.00596323 0.0076481
0.00974356 0.0127459
0.00525265 0.00919611
0.00778266 0.00908241
0.000213993 0.00342325
0.0114423 0.0134941
-0.000981347 1.57338e-05
0.00112789 -0.000357247
0.00693796 0.00744794
0.00146849 0.00191336
0.000455875 -0.000292532
0.000653522 0.000281197
0.000494878 0.000207944
8.70621e-05 -0.000813329
-0.000580306 -0.000845728
-0.00135989 -0.000974298
-0.00250047 -0.00257077
-0.00319384 -0.00241566
-0.000649877 -0.00184046
-0.00391297 -0.00403256
0.000146924 -0.00062868
0.00199045 0.00124678
-0.00110107 -0.00103965
0.000278564 0.00016326
0.00173437 0.00112262
0.00108266 -0.000253981
0.000575126 0.000511438
0.00182171 0.000783389
0.000925615 0.00119672
-0.0036604 -0.00225224
0.00771738 0.00532249
0.000570954 -0.000532819
0.00196518 0.00265931
-0.000946456 -0.00087373
0.00192182 0.000538323
0.00105788 0.00345138
0.00171658 0.00223998
0.00124475 0.000372438
0.000445589 0.000447204
0.00130382 0.000195882
0.000837661 0.000485308
-0.00231023 -0.00331542
-0.000311623 -0.00109095
-0.000566471 -0.000474476
-0.00215225 -0.0026404
-0.000886485 -0.000754586
0.00194517 0.0010258
0.00123844 0.00032737
0.00114632 -0.000317826
0.00152237 0.000931241
-0.00115851 -0.00055641
-0.00123798 -0.0013589
-0.00231758 -0.00237175
-0.00369709 -0.00293746
-0.000581583 -0.00123586
-0.00542612 -0.00431663
-0.000637932 -0.000723043
0.00191258 0.00134482
-0.00141186 -0.00122951
0.000215951 0.000122296
0.00170408 0.00126047
0.0104809 0.0157943
0.00855845 0.0123205
0.00390571 0.00859052
0.0011069 0.00781576
0.0110082 0.0141211
0.000718753 0.00186491
0.00089431 -0.000433965
0.00532254 0.0117736
0.000617582 0.0019134
0.000444552 -0.000495629
0.0154155 0.0215807
0.00874463 0.0161927
0.00289757 0.010523
0.0209917 0.0272911
0.00122385 0.0027797
0.000233242 -0.00145756
0.0100335 0.0155353
0.000613921 0.00285898
4.1435e-06 -0.00144334
0.0271115 0.0314056
0.0080017 0.0156893
0.0767603 0.0884037
0.0230934 0.0204682
-0.00419715 -0.00538863
0.015551 0.0154512
-0.00248011 -0.00115176
-0.00213076 -0.0045291
0.00186926 0.00595946
0.0538839 0.0573316
0.0051131 0.00311819
-0.00174055 -0.00292249
0.0151812 0.019047
0.00727621 0.00654304
-0.00100058 -0.00319244
0.00833339 0.0186955
0.00341155 0.00613463
-0.00105722 -0.00139142
0.00270881 0.00902678
1.87398e-05 0.000787981
-0.00048224 -0.00160681
0.0153205 0.0155284
-0.00587833 -0.00660654
0.024071 0.0246715
0.00351933 0.00443026
-0.00382214 -0.00574518
-3.22934e-05 -0.000559555
0.00293112 0.00117314
-0.000453473 -0.000950787
0.00128825 -0.000545859
-0.000346301 -0.00117181
0.00145615 4.19266e-05
-0.000280345 -0.00153615
0.00103213 0.00633
-0.000525039 -0.00109604
0.00161813 2.83879e-05
0.00415374 0.00249326
0.00228045 -0.000265774
0.0024416 0.000710091
0.000699806 0.000396908
-0.000155136 -0.000168999
0.00080654 0.000269378
0.00151761 0.000305421
0.000652964 6.03612e-05
0.00133059 0.00119872
0.00107725 0.00068882
2.50458e-05 -0.000938976
-0.000438597 0.000227848
0.00137676 0.000150209
0.000610085 -0.000898653
0.00091689 -0.000525436
0.00168108 0.000807698
0.0021572 0.00118026
0.00121413 -5.96238e-05
0.00134708 0.000793166
0.00383566 0.00181672
0.00300393 0.00276226
0.00221317 0.00383652
8.58645e-05 -0.000759927
0.000910851 0.00025856
0.00147105 0.000521141
0.000292196 -0.000385093
0.00490446 0.00690669
0.00285547 0.00628444
0.00314608 0.00499053
0.000689424 0.00332553
0.00247303 0.00218089
0.00384049 0.00583174
0.000573789 0.000358288
0.00127778 0.000270349
0.00433372 0.00504235
0.00089156 -5.89059e-06
0.000921973 0.000289255
0.00230595 0.00132384
0.00470529 0.00111877
-5.36133e-05 -0.000624432
0.00151296 0.000267309
0.00107649 0.00024327
0.000147015 -0.000636181
0.00418576 0.00328862
0.00565536 0.00421724
0.0120944 0.00877055
0.00672724 0.00547858
0.00244319 0.00242562
0.0130347 0.00899655
0.00166878 0.00146781
0.00142022 -0.000111209
0.00607096 0.00351108
0.000837986 9.64228e-05
0.000598333 -0.000694453
0.00140909 0.00235328
0.000747767 -0.000395136
0.00123327 0.000192339
0.000660859 -0.000275998
0.000761649 -0.000766832
0.00141142 0.00298206
0.000667948 0.00511143
0.000363829 0.000970074
0.00233692 0.00333353
0.000970434 0.00179679
0.00245084 0.00291245
0.000168988 -0.000166001
0.00179623 0.000823447
0.00183069 0.00402355
-7.63474e-05 0.000196746
0.00145021 0.000767304
-0.000453691 -0.000193874
0.00173281 0.000414325
-0.000521684 0.000669501
-0.000719601 -0.000703016
0.00520169 0.00810475
0.00766326 0.0107916
0.00689578 0.00784682
0.00712028 0.00623121
0.000576045 0.00230692
0.00963015 0.00961293
-6.00467e-05 -0.000294042
0.00119658 -0.000291565
0.00510189 0.00522338
0.000466375 0.000852753
0.000688151 -0.000307044
0.000337131 -0.00023708
0.0001505 0.000393101
0.00142533 0.00071369
0.000849653 -0.00119349
-0.000486767 -0.000671346
-0.000289053 2.18077e-06
-0.00173155 -0.0011409
0.000396111 -0.00081985
-0.0028024 -0.00180815
0.000536482 -6.29017e-05
0.00111194 0.000604502
-0.000169796 -0.000823251
0.000119731 -9.7376e-05
0.00109786 0.000494498
0.000558334 -0.000227616
0.000449917 -0.000147873
0.000484276 0.000828521
0.000469805 0.00105713
-0.00210978 -0.00188696
0.00588214 0.003321
0.000923166 0.00038765
0.00213122 0.00129256
-0.00018561 -0.000781075
0.00190684 0.000770874
6.42296e-05 0.00178213
-0.000122537 -0.000302188
0.00145165 0.000511692
0.0005056 0.00036202
0.00106411 0.000618648
8.29049e-05 0.000634618
-0.000712947 -0.0023633
0.000108799 -0.000425245
-1.49366e-05 7.99713e-05
-0.000952806 -0.00203399
-0.000256795 -0.000448667
0.00179906 0.000837745
0.000878407 0.000179783
0.000949931 -0.000521398
0.00146266 0.000892254
-0.000794584 -0.000906795
-0.00137311 -0.00106873
-0.000992283 0.000193026
-0.00271019 -0.00221054
0.000275547 -0.000593102
-0.0025949 -0.00228299
0.000898576 0.00125172
0.00119875 0.000602753
-0.000544571 -0.000767207
0.000282153 2.76241e-05
0.00122559 0.000712908
0.00650949 0.0135238
0.00842538 0.0113798
0.00412037 0.00644339
0.00173858 0.00466615
0.0089133 0.0113215
0.00162387 0.00150594
0.000669206 -0.000225202
0.00356495 0.00837682
-0.000289455 0.000887478
0.00043936 -0.000281689
0.011645 0.0170304
0.00656955 0.0122111
0.00140789 0.00618971
0.0159527 0.0196621
0.00162383 0.00227068
0.000617419 -0.00103749
0.0069676 0.0114884
-0.0002613 0.00174646
0.00031519 -0.000752075
0.0156189 0.0231574
0.00400911 0.00943611
0.0464006 0.0614056
0.0147313 0.0169107
-0.00312932 -0.00412762
0.00907353 0.0110024
-0.00292163 -0.00160004
-0.00249183 -0.00392485
0.00124668 0.00341046
0.0337258 0.035384
0.000362757 0.00223688
-9.10309e-05 -0.00156419
0.00884863 0.0108128
0.00380952 0.00161652
-0.000154812 -0.00166876
0.00358359 0.00962809
0.00258832 0.00427725
0.000392248 -0.000160432
0.00214981 0.00500538
8.6688e-05 0.000329481
0.000232785 -0.000349592
0.00799393 0.0109535
-0.00250691 -0.00398515
0.0142108 0.0148983
0.00113436 0.000984474
-0.00207514 -0.00394478
0.000202425 -0.00049848
0.00117714 0.000979992
-0.000212209 -0.00063038
0.000526151 -0.000407308
0.000758691 -0.000449967
0.00163745 0.000632167
-0.000381317 -0.0015702
-0.000354062 0.00119467
0.000393815 -0.000213354
0.00134813 0.000504563
0.0095677 0.0079135
0.0267489 0.0217299
0.00919593 0.00711809
-0.00211121 -0.0014552
0.00281822 0.000562469
0.0218905 0.0242054
-0.0011843 -0.000562984
0.0308857 0.0249402
0.01943 0.0146348
0.0035309 0.0012065
0.00460077 0.00150484
0.0080906 0.00243665
0.00525245 0.00125013
4.74821e-05 -0.001854
-0.00195997 -0.00274556
0.0240278 0.0174722
0.0053142 0.00214209
-0.00229316 -0.00284729
0.00543109 0.00549071
0.00163608 0.00087942
-0.000507458 -0.000958607
0.000835364 0.000566277
0.00449762 0.00309357
-0.000669813 -0.00102559
0.005571 0.0046997
0.00385121 0.00291578
0.00208346 0.000262606
0.00230224 0.00118193
0.00276466 0.00159226
0.0030048 0.000189871
-6.35665e-05 -0.000701735
0.000234197 -0.000677927
0.00655959 0.00485052
0.00165599 0.000326892
-0.000676834 -0.000769933
0.00620808 0.00438579
-0.000493919 -0.000988897
0.00249732 0.00132077
0.0171592 0.0193735
-0.000198576 -0.000753011
0.0154876 0.0170597
0.00942847 0.00998645
0.00121661 0.000372259
0.00367621 0.00120379
0.00364058 0.00173386
0.00227163 0.00125653
6.98583e-05 -0.000803387
-2.21144e-05 -0.000975227
0.0147943 0.0165106
0.00352328 0.00241041
-0.000310316 -0.00074616
0.000590018 -0.000213541
0.00024158 0.000622003
0.00296233 0.00356015
0.00139769 0.000167348
0.00696661 0.00593219
0.00594018 0.00502444
0.00119985 1.87863e-05
0.000662864 0.000571614
0.00196417 0.000179929
0.000786638 0.000429587
0.000712237 -0.000384854
0.00147775 0.000577874
0.00623229 0.00510843
0.000962685 0.000931829
0.00117739 0.000553031
0.00100043 0.000473788
-0.000911717 -0.00131535
0.000314993 -0.000949777
-0.000659286 -0.000972164
0.000436105 -0.000529188
7.45122e-05 -0.000394736
0.000988604 0.000273295
0.000129566 -0.000104921
0.000336688 6.73382e-05
0.000336843 -0.000198586
0.00196925 0.00127854
-1.90537e-05 -0.00104164
0.00111382 0.000279219
0.00195482 0.00134329
0.00154409 0.000395207
0.00110233 0.000575637
0.00130001 0.00124572
0.000506631 0.00055453
0.00151181 -8.11228e-05
0.000101624 -0.00073811
0.000407753 7.20864e-05
0.000554405 0.000172531
0.000455658 0.000292157
0.00144237 0.000755703
0.000838138 0.0011513
-0.00165353 -0.00114792
0.00121695 0.000643852
-0.00115055 -0.000758285
0.013631 0.013838
0.00835112 0.00752613
0.000870148 -0.000293822
0.0020246 0.000167635
0.00162832 0.000586238
0.000719401 -0.00012224
-0.000290679 -0.00137866
-0.000716621 -0.00188469
0.0120459 0.0107986
0.00288436 0.00127618
-0.00104546 -0.001719
7.21878e-05 -0.000603527
-0.000184688 -0.000569327
0.000838665 -0.000501805
0.00060535 0.000389185
4.91785e-05 4.49569e-05
0.000501004 0.000359569
0.000468113 -0.000443575
0.00168742 0.00142223
-0.000123259 -0.000828494
0.000989413 0.000376336
0.00165308 0.000929015
0.0140425 0.0141153
0.00146934 0.0012419
0.00300531 0.00127335
0.00742267 0.0027151
0.00314615 0.00089482
0.000227963 -0.000981001
-0.000237449 -0.00098519
0.0176442 0.0141836
0.00365076 0.00192641
-0.000365381 -0.00099538
0.00110537 0.000671364
0.000918862 0.00117887
0.00423269 0.00111025
0.00198648 0.000565973
0.000568529 -0.00038422
0.00062521 -0.000235903
0.0124551 0.00941631
0.00212782 0.0010996
0.00032617 -0.000231523
-0.000342911 -0.000388391
0.00104492 2.61312e-05
-0.000946716 -0.00144175
0.000144404 -0.00132075
0.00152417 0.00077508
0.00199846 0.000366812
0.000894326 -0.000193968
0.00101921 0.000708638
0.000478209 -3.97184e-05
-0.000711218 -0.000440078
-8.38649e-05 -0.000154459
0.00133635 0.000600573
0.00237596 0.00157649
-6.27329e-06 -0.000401064
0.00102523 0.000530857
0.000897584 0.000231804
0.0012069 -0.000689814
0.00101132 0.00032797
0.00447844 0.00219757
0.00040496 9.28983e-05
0.000860053 0.000284105
-0.000864017 -0.000589075
0.00130694 0.000903084
0.00246834 0.00100292
0.000958844 7.10876e-05
0.00102282 0.000589189
0.0015147 0.00102201
4.20833e-05 -0.000882511
0.000698121 5.52824e-05
0.0013384 0.000924486
0.000198317 -0.000704448
0.00126125 0.000491394
-0.000557925 -0.00125425
0.00253077 0.00280966
-0.000145194 -0.000647269
0.000992611 0.000466876
0.00885618 0.00789542
0.00376143 0.00337267
-5.45707e-05 -0.000798368
0.00213614 0.000619659
0.00377705 0.00433381
-0.000148211 -0.000755944
0.0114408 0.00958995
0.00776402 0.00753245
0.00451962 0.00204978
0.00369907 0.00270376
0.00460451 0.00427821
0.0049784 0.00292814
0.000800022 0.000201536
0.000542543 -0.000258478
0.0104255 0.00821878
0.00275637 0.0015428
-0.000206071 -0.000795686
0.0126252 0.0190486
-0.00159446 -0.0025834
0.00535443 0.00904932
0.0234558 0.0350082
-0.00146745 -0.00233982
0.0356153 0.0465411
0.0206004 0.0313961
0.0012424 0.00224291
0.00633997 0.00773211
0.00587635 0.00585706
0.00402863 0.00512985
-0.00206953 -0.00186743
-0.0021963 -0.00298562
0.030159 0.0412904
0.0106625 0.0125558
-0.00239916 -0.00317611
0.000627627 -0.00164817
4.07964e-05 0.0041801
0.00702984 0.0121102
0.0010541 -0.000946204
0.0226445 0.0302319
0.0181795 0.027161
0.00200784 0.00350367
0.0019346 0.00631149
0.00329268 0.0029612
0.00289034 0.00607067
-0.000181634 -0.00115785
-0.000360141 -0.0013306
0.0140287 0.0203477
0.00396192 0.00681178
-0.000788618 -0.00136411
4.40822e-05 -0.000259928
-0.000516593 -0.00135689
0.00143539 -0.000231147
-0.00266783 -0.00217752
-0.0010663 -0.0019826
0.00041601 -0.000415499
0.000613696 -0.000418288
-0.000354818 -0.00087474
-0.000118835 -0.000516371
0.00108011 -0.000520388
0.00160497 0.00089937
-0.00166671 -0.00227447
0.000131567 -0.000309744
0.00163174 0.000982497
0.00239953 0.00415431
-0.000130083 -0.000623418
0.00306257 0.00725284
0.00207017 0.00464914
0.000286597 -0.000583327
0.00259293 0.00277473
0.000959132 -1.97307e-05
0.000797971 0.00125097
6.14266e-06 -0.000271214
0.00101097 0.000311129
0.00530335 0.0083127
0.00215582 0.00625393
0.000624268 0.000120206
-0.000468226 -0.00166004
0.0232493 0.0304149
0.0128185 0.0181941
0.000661178 -9.34302e-05
0.0023872 0.00234605
0.00216649 0.00200282
0.00151417 0.00109216
-0.00101298 -0.00235628
-0.00176765 -0.00268306
0.0161067 0.0223691
0.00577927 0.00597094
-0.00197182 -0.00263004
-0.00230514 -0.00259596
-0.00152662 -0.0022511
-0.000152583 0.000204744
0.000145675 -0.000217131
-0.00038217 0.000133673
-0.000189215 -0.000370698
0.000544878 -0.000615753
0.0015582 0.0009154
-0.00164729 -0.00263855
0.000180726 -0.000690684
0.00155932 0.000895733
0.0406928 0.0501516
0.00547538 0.00692601
0.00566223 0.00949701
0.0136493 0.0113738
0.00608174 0.00946431
-0.00030841 -0.000850565
-0.0032384 -0.0044959
0.0352472 0.0412511
0.0086328 0.0110675
-0.00380768 -0.00437049
0.00325673 0.00674596
0.00397745 0.00890613
0.00838999 0.00797888
0.00491214 0.0100605
-3.53819e-05 -0.000580291
-0.00106349 -0.00230326
0.0243494 0.0320149
0.00604245 0.00832916
-0.00169665 -0.00250124
-0.000482708 0.00269361
0.00225293 0.00210845
0.00185666 0.00605954
-0.000152553 0.000137536
0.00108345 0.000349847
0.00316394 0.0047342
1.25435e-05 -0.00038218
0.000621019 0.000159148
0.000855642 0.00236412
0.00203736 0.00625517
-0.000812418 -0.00035091
0.000832192 -2.90345e-05
0.00761408 0.0104792
0.00321706 0.00446728
0.000427666 -0.000136618
0.0022469 0.00322025
0.000138647 0.00102985
0.00050777 -0.000127383
0.00813228 0.00756483
0.000970718 0.00133566
0.00039871 -0.000348741
-0.000642728 1.53977e-05
0.000698273 -7.00274e-05
0.00643182 0.00854834
0.00144686 0.0017449
0.00045813 7.96071e-05
0.00150202 0.00082646
-0.000874187 -0.000548937
4.31064e-05 -0.000563658
0.00135506 0.00081571
-0.00145668 -0.00253938
0.000764037 -0.000205497
-0.000381753 -0.00150974
0.010364 0.0138273
-0.00200591 -0.00242833
0.000401694 -0.000234984
0.00325112 0.00364806
-0.000202862 -0.000511139
0.00394114 0.0023864
0.00552412 0.00401786
-5.39032e-05 -0.000552852
0.00848547 0.00890603
0.00651482 0.00829694
0.00259668 0.00152872
0.00466158 0.00485672
0.00193104 0.00332716
0.00518024 0.00328567
3.72588e-06 -0.000327344
0.000295849 -0.00044549
0.0122578 0.0132335
0.00400883 0.00403933
-0.000485293 -0.000673205
0.000565196 -0.000188546
0.00164684 0.000539185
0.00055632 0.00177281
0.000193406 0.000212673
0.00349735 0.00507261
0.00680733 0.00440455
0.00384205 0.00172011
0.00670627 0.00278691
0.00106801 0.00144213
0.00677402 0.00284555
0.000325717 -0.00018943
0.00120592 0.000241345
0.00651355 0.00405648
0.00226002 0.00134318
0.000782413 -9.62635e-05
0.00106036 0.000490637
0.00018772 -8.73662e-05
4.94184e-05 -0.000964367
-0.000163186 -0.000837374
-0.000241139 -0.000879618
-7.51819e-05 -0.00122183
0.000220367 -0.000350601
0.00037169 -0.00099417
-0.000497408 -0.00100501
0.000889319 -0.000478708
0.00213543 0.00142242
-0.000724917 -0.000885297
0.000799358 0.000381812
0.00158062 0.000955625
0.00178843 0.000350112
0.000817527 0.00048668
0.00110691 0.00152612
0.00133278 0.000987227
0.000212525 -0.000549048
0.00586066 0.00239415
-0.000654269 -0.000134218
0.00208148 0.00154711
-5.23302e-05 -0.000206778
0.00105679 5.05273e-05
0.00227028 0.00308626
0.00319808 0.00244936
0.000387286 -1.01465e-05
0.00039792 1.99935e-06
0.00326505 0.00361997
0.00207157 0.0024844
0.00118836 0.000297896
0.00173437 0.000628518
0.000364596 0.000221774
0.00112063 0.000261768
0.000167592 -0.000200141
0.00101868 0.000283618
0.00417465 0.00357531
0.0018844 0.000739572
0.000392995 -0.000240412
-0.000212516 -0.000882206
-0.000449335 -0.000983867
-0.000551494 -0.00131599
-1.74503e-05 -0.000269903
0.000301036 -0.00115489
-0.000603091 -0.000915371
0.000661121 -0.00124137
0.00204791 0.0012325
-0.000775403 -0.000961101
0.0007993 0.000102666
0.00140811 0.000818292
0.0104915 0.0130072
0.00574984 0.00401742
0.00394708 0.0041948
0.00595809 0.00587689
0.00632984 0.00622829
0.00126814 0.000688201
2.10316e-06 -0.000228211
0.0100657 0.0116832
0.00216808 0.00319287
-0.000659353 -0.00103421
0.00666342 0.00583593
0.00518773 0.00630294
0.0039351 0.00634203
0.00784378 0.00788674
0.00084444 0.00103657
0.000388434 -0.000678881
0.010833 0.0119318
0.00164954 0.00256861
-0.000416613 -0.000939273
0.00503108 0.00648445
0.00326219 0.00457399
0.0160071 0.015889
0.00330485 0.00332286
0.000810717 -0.000379732
0.00792388 0.00581857
-0.000260196 -0.000564971
-3.38556e-05 -0.000666206
0.000384893 0.00318372
0.0122004 0.0120949
-0.000686339 0.000677079
0.000517446 -0.000692664
0.00639673 0.00840183
0.00413683 0.00332031
-0.000257602 -0.000776557
0.00246526 0.00543625
0.002259 0.002275
-4.7007e-05 -0.000807887
0.00517809 0.00702022
-0.00038968 0.0013995
-0.000517086 -0.00100181
0.00116435 0.00314239
0.000186088 -0.000745943
0.0100303 0.00876446
0.00165248 0.00166056
-0.00067075 -0.00114268
0.00108962 0.00021744
0.00198449 0.000304357
-0.000315091 -0.000202557
0.000392868 8.33266e-05
-2.93967e-05 -0.00119824
0.0010833 -0.000157719
-0.00127595 -0.00128681
0.00259252 0.00580416
-0.00108767 -0.00134989
0.000381516 -0.00020203
-9.63681e-05 -0.00169982
0.00303959 0.00886633
0.00849227 0.0125269
0.000421772 -0.00151175
0.0160617 0.0270589
0.0152722 0.0258056
0.000860922 0.0013679
0.0027091 0.00891574
0.00241604 0.00312847
0.00118304 0.00546992
-0.000396284 -0.000957706
-0.000370954 -0.00101976
0.0152333 0.0253352
0.0068908 0.0139248
-0.00063929 -0.00116547
-0.000891392 -0.00168265
-0.00162464 -0.00274813
4.37238e-05 -0.00129383
-0.00118737 -0.00294726
-0.000502592 -0.00230195
6.93813e-05 -0.000324967
-0.000303521 -0.001446
-2.06179e-05 -0.000186815
-0.000139958 -0.000242153
0.000404472 -2.81888e-05
0.00210345 0.00172786
-0.00351804 -0.00488424
-0.00188966 -0.00277731
0.0020745 0.00142369
0.00729389 0.00909742
-0.00115269 -0.00194633
0.00594597 0.0124513
0.00151956 0.00989295
-0.000439497 -0.00134162
0.00782683 0.0160216
-0.000549643 0.000179645
0.0012448 0.0033959
-0.000522004 -0.00173935
-0.000666895 -0.00157624
0.0152767 0.0273002
0.0175971 0.0301627
-0.000915155 -0.00157464
-0.00188997 -0.00279882
0.0235763 0.0300828
0.0153262 0.0194527
0.000129083 -0.00105316
0.00541451 0.00517089
0.00253857 0.00204568
0.00114448 0.00132144
-0.00195346 -0.00284954
-0.00247846 -0.00340689
0.0254887 0.0317043
0.0130215 0.0127831
-0.00264081 -0.00359263
-0.00207187 -0.00321084
-0.00122157 -0.00266871
0.000567012 -0.000364975
-0.000179854 -0.000994641
-0.000644816 -0.000375587
0.000298902 -0.000382154
-0.000175077 -0.000638173
0.00207781 0.00141437
-0.00329311 -0.00530991
-0.00191984 -0.00281479
0.00202366 0.00146949
0.0319952 0.0464784
0.000156128 0.00302855
0.00433408 0.0120091
0.00588225 0.00922905
0.00156739 0.00803295
-0.00238385 -0.00173677
-0.00280328 -0.00365937
0.0355435 0.0490381
0.0119904 0.0183544
-0.00294771 -0.00360121
-0.00021246 0.00357256
0.00422431 0.0122991
0.00377807 0.00786
0.00269088 0.00891295
-0.000718295 -0.00117761
-0.001452 -0.00257676
0.026978 0.0409323
0.00795521 0.0161
-0.00177826 -0.00250774
0.000683122 0.0017071
0.001197 0.00103241
0.000457744 0.00187428
-0.00158434 -0.00177485
0.00156289 0.000911708
0.00130504 0.00301848
-0.00128961 -0.00157306
0.00111785 0.000751904
-0.000197253 0.00213705
0.00535522 0.00798446
-0.000746501 -0.000848641
3.51435e-05 -0.000724997
0.0142707 0.0243454
0.00793449 0.019477
-0.000317921 -0.00101316
0.00230894 0.00264626
-0.00146201 -0.000727019
0.000527909 0.000180992
0.00437195 0.00903574
0.000121218 0.00217132
0.000378158 -4.60693e-05
-0.000845804 -0.000578001
0.0007319 0.000220266
0.00683136 0.0120997
0.00117919 0.00501308
0.000454185 0.000137737
0.00187126 0.00115949
-0.00309722 -0.00306544
-0.00110052 -0.00271748
0.00167956 0.00119219
-0.00455613 -0.00523895
-0.00180911 -0.00244543
-0.000150098 -0.00118982
0.0263301 0.0416211
-0.00472966 -0.00528534
-0.00194356 -0.00267873
-0.000293395 -0.000646608
0.000877776 -0.000703176
0.0012533 -0.000913821
0.000327418 -0.0013094
-0.000253952 -0.00140569
0.000376894 -0.000193445
-0.000660211 -0.00112452
0.000353627 -0.000222428
-0.000927706 -0.000681284
0.000306132 -0.000298363
0.00169961 0.00101612
-0.000643398 -0.00204982
-0.000756614 -0.00163068
0.00157139 0.0010745
0.000324869 0.0028833
-0.000108288 -0.000550783
0.00260978 0.00765992
0.00317948 0.00798919
-0.000407762 -0.000284378
0.00510473 0.00850833
-5.73335e-05 0.000632776
0.00137253 0.0036015
0.000172684 -0.000571323
0.000752607 -0.000373478
0.00372163 0.0108988
0.0094861 0.0129539
0.000508719 -0.000436933
0.00137751 -0.000484908
0.00794196 0.0139309
0.00680656 0.0118633
-4.18408e-05 -0.000295353
0.00101869 0.0033053
0.000214812 0.00118611
-0.000343587 0.00110191
-0.000276117 -0.000515571
0.000461313 -0.000426596
0.00606501 0.0112224
0.00164377 0.00495528
0.000190714 -0.000374667
4.09033e-05 -0.00168746
-0.00159532 -0.00307089
-0.000532296 -0.000679251
-0.000841668 -0.000793443
-0.000438462 6.77005e-05
-0.000784763 -0.000646314
0.000258924 -0.000296542
0.00171733 0.00117493
-0.000925992 -0.00170466
-0.000839004 -0.0012937
0.00156443 0.00108656
0.0348326 0.0524241
0.00519079 0.00669546
0.00419165 0.0110018
0.00380398 0.00735758
0.00731895 0.0113109
-0.000723457 -0.000537435
-0.00264307 -0.00300779
0.017126 0.0282328
0.00673466 0.0120133
-0.002695 -0.00300743
0.00680865 0.00827053
0.00927573 0.0145099
0.00413255 0.00728997
0.0102682 0.0150821
-0.00157719 -0.00118684
-0.00294812 -0.00397057
0.0212203 0.0307348
0.00781616 0.0132115
-0.00333651 -0.00380051
0.00186654 0.00506326
-3.00756e-05 0.00215366
0.00607602 0.00958445
-0.000804887 -0.000940837
0.00134218 -6.39673e-05
0.00322231 0.00491212
-0.000942627 -0.000663487
0.000601405 6.61467e-06
-2.47396e-05 0.00215328
0.00965867 0.0120625
-0.00090747 -0.000718182
0.000473932 -0.000723088
0.00789688 0.0142607
0.00565932 0.0107673
0.000159292 -0.000834199
0.000766252 0.00349051
-0.00154556 2.70997e-05
0.000902283 7.42484e-05
0.0031062 0.00480589
0.000125721 0.00190308
0.000579644 7.13035e-05
-0.000783903 -0.000466151
0.000493892 -0.000698158
0.00764363 0.0109181
0.00144771 0.0044388
-4.82857e-06 -0.000685457
0.00173924 0.00103026
-0.00118144 -0.00127027
-0.000501756 -0.00131741
0.00145671 0.000924548
-0.000821781 -0.00178603
-6.42984e-05 -0.00114532
-0.000323772 -0.00125715
0.00877124 0.0183799
-0.00124046 -0.00181875
2.7086e-05 -0.00116149
0.000141902 -0.000853086
-0.000232534 -0.000942778
0.000156414 -0.000706671
-0.00015378 -0.000512046
0.000619506 2.68932e-06
-0.00244971 -0.00290122
0.00105499 0.000706374
1.32989e-05 -0.000218534
0.000454901 9.39279e-06
0.0021811 0.00122714
-0.00129065 -0.00216274
-0.005361 -0.00524185
0.0019191 0.00110845
0.00113522 -0.000379155
-0.000194503 -0.00106715
7.5191e-05 -0.000411364
0.000171619 -0.000420316
0.000817717 -0.00044416
0.000400448 -0.000151462
0.000283069 -0.000152487
0.000381749 0.000371165
0.00148898 0.000801436
-0.000205808 -0.00189847
-0.000125367 -0.000665348
0.0014865 0.000751971
0.000870922 -3.17832e-05
0.000398531 -0.0010593
0.00183039 0.00246164
-0.000181056 -0.00118833
0.000851934 -0.00080461
0.000745323 -0.000477837
0.00283113 0.00409914
-0.000192649 -0.000985507
0.000410097 -0.000595365
-0.000185115 -0.000544831
-0.000213084 -0.000872408
-0.00199503 -0.00266826
0.00028809 -0.00070272
4.68142e-05 -0.000857637
-0.00030299 -0.00138506
-0.00036977 -0.000909279
0.000164447 -0.000433151
0.00155251 0.000913896
-0.00160056 -0.00360356
-0.000443218 -0.00112275
0.00155573 0.00105859
-0.00013499 -0.00092734
-0.000469133 -0.00114397
-8.85747e-05 -0.00119736
-0.00101949 -0.00113063
0.000396966 -0.000898237
0.00145231 0.00104214
-0.00151785 -0.00318876
-0.000148343 -0.00102471
0.00144423 0.000889869
-0.00142802 -0.00107239
0.000165144 -0.00106283
-0.00274906 -0.00115608
0.00148862 0.00236517
0.0010241 0.000403345
-0.000608281 -0.000840409
0.00056858 0.000238905
0.000784797 0.000197483
0.00068093 -0.000161912
-0.00439196 -0.00290306
2.08358e-05 -0.000382206
0.00188457 0.00125247
-0.0015976 -0.00250497
-0.00251068 -0.00297241
0.00168203 0.000989233
0.000242717 -0.000826656
0.000783543 -0.000749423
0.00183133 0.00111847
-0.000617691 -0.000860888
0.000809197 0.000174279
0.00163915 0.000926126
-9.89066e-05 -0.000211053
0.00155586 0.000918362
-0.0014567 -0.00172465
-3.27487e-05 -0.000121987
0.00131724 0.000733741
0.000753876 6.89727e-05
3.13797e-05 -0.000400092
0.000300578 0.000220181
0.000576543 1.40719e-05
0.00179324 0.00124595
0.00195969 0.0011527
-0.000425654 -0.00145269
-0.00282537 -0.0039244
0.00179412 0.00122328
0.00179183 0.00111051
-8.25838e-05 -0.000348451
0.00343897 0.00430452
0.00105118 0.00287375
0.000774111 -0.000681381
0.00158886 0.00343471
0.000358834 4.66532e-05
0.000726286 0.000304048
0.000651141 -0.000422118
0.000659203 2.61698e-05
0.00386614 0.00667034
0.00302902 0.00703274
0.000465732 -0.000193721
-0.000135174 -0.000689383
0.000149715 -0.000216089
0.000108061 -4.5574e-05
-0.00289871 -0.00326419
0.000407429 0.000109097
-0.000219478 -0.000256028
-0.00027437 -0.0004432
0.00218655 0.00148486
-0.0014461 -0.00231806
-0.00475407 -0.0052868
0.00197269 0.00127049
0.00256791 0.00919521
-0.000535159 -0.000409222
0.00348733 0.00706619
-6.36365e-05 0.000421691
0.000365388 0.00300661
-0.000196652 -0.000591924
0.000938713 -7.72586e-05
0.00559885 0.0132061
0.00368604 0.0110826
0.000411164 -0.000372103
-0.00134263 -0.000131266
0.00425601 0.00758878
0.000689768 0.000753181
0.000976237 0.00352393
-2.38979e-05 -0.000727316
0.000881318 1.98516e-05
0.0039873 0.0118203
0.0043333 0.0102069
0.000693551 -0.000329955
-0.000887425 -0.00128257
-0.000621028 -0.00062873
-0.0030197 -0.00216451
-0.00265874 -0.00291206
0.00204605 0.00118647
-0.00187249 -0.000599491
-0.00289698 -0.00365279
0.00158788 0.000813209
-6.52658e-05 -0.000402977
0.00986277 0.0119785
-0.00232585 -0.00281478
-0.00163318 -0.00285312
0.0114602 0.0227909
0.0263809 0.0397103
-0.00108855 -0.00226183
0.00157663 2.34746e-05
-0.000900036 -0.000769245
0.00151827 0.000799069
-0.000863903 0.000467256
-0.00178855 -0.000903129
0.00114212 0.000692358
-0.00119549 -0.00139669
0.000831785 -8.50814e-05
0.00183808 0.00667245
0.00352986 0.0057056
0.000429327 1.03502e-05
0.00188231 0.00118632
-0.0012092 -0.00208034
-0.00363378 -0.00445412
0.00156689 0.000889122
-0.00125896 -0.00180576
-0.00450494 -0.00429078
-0.000404054 -0.00120108
0.0252527 0.0372834
-0.00163801 -0.00198656
-0.00343268 -0.00325935
-0.000292091 -0.00130722
6.97163e-05 -0.000849006
0.00039662 0.000415142
0.000689861 -9.90636e-05
-0.000212773 -0.000128728
0.000346469 3.06374e-05
3.53945e-05 -0.00047449
0.0015213 0.000921297
-0.000764522 -0.00160659
0.00028475 -0.00066877
0.00149322 0.000999279
0.0130933 0.0219416
0.000298878 0.000997528
0.00275112 0.00295543
0.00296699 0.00208096
0.000899994 0.00205017
-0.000599195 -0.00145268
-0.000710289 -0.00160934
0.0155009 0.0207206
0.00641506 0.00662964
-0.000828863 -0.00159986
2.50392e-05 0.00022339
0.000849423 0.00346152
0.00203973 0.00125105
0.000131257 0.00204796
-0.000688109 -0.00116255
0.000277973 -0.000699009
0.0120424 0.0163136
0.00447042 0.00553229
-1.37684e-05 -0.000857501
-0.00079663 -0.000813658
0.000107121 -0.000288908
-0.00301754 -0.0026164
-0.00185346 -0.00168741
0.00171899 0.00081689
3.2057e-05 -0.000264177
0.000371471 -0.000683341
0.00122378 0.000862064
0.000405608 0.000373446
-0.000528943 -0.000188296
7.99209e-05 -0.000220378
0.00105425 0.000271701
0.00400752 0.00491053
0.00231935 0.00426424
0.000764607 0.000223766
0.000210188 -5.16087e-05
-0.000711326 -0.00106794
0.00146395 0.000769103
0.00141393 0.00209975
0.00105463 6.34883e-05
0.00124425 0.000557801
-0.000944645 -0.00102099
0.0014464 0.000755741
0.00091169 0.0020227
0.00170402 0.000329112
0.00117244 0.000687585
0.00167307 0.00105719
-0.000871173 -0.00144921
7.67094e-05 -0.00058636
0.00150381 0.00101697
-0.000435603 -0.00123172
0.000548897 -0.000175685
-0.000392979 -0.00116458
0.00813722 0.0102326
-0.000628425 -0.00116206
0.000168582 -0.000411854
-0.00351709 -0.00389965
-0.000652265 -0.000215685
-0.00035366 -0.000798628
-0.0012364 -0.000480828
-0.000919295 -0.00112323
0.000171078 -0.000430066
0.00164534 0.000923611
-0.00220605 -0.00336312
-0.000246195 -0.0013136
0.00162164 0.00105722
-0.00102696 -0.00127787
-0.000697424 -0.00139603
-0.000913908 -0.00059244
-0.0013263 -0.00164437
-0.000467396 -0.00064559
0.00170116 0.00113494
-0.0026017 -0.00305842
-0.000147189 -0.000860779
0.0016633 0.00120299
-0.00205874 -0.00197338
0.00194068 0.00024124
-0.00307894 -0.00161659
0.00324864 0.0050702
0.000708015 0.000115208
-0.00110665 -0.000800206
0.000198626 7.39181e-05
0.000525008 0.000182347
3.97652e-05 -0.000274559
-0.00495586 -0.00421428
-0.000852905 -0.00104716
0.00210704 0.00134386
-0.00209539 -0.00263282
-0.00249546 -0.00324762
0.00180987 0.00116692
0.000212124 -0.000131725
0.0048285 0.000824099
0.00129549 0.000746723
-0.000700837 -0.00102862
-0.000110669 -0.000367121
0.00130762 0.00037311
-0.000552091 9.73302e-05
0.00158964 0.000995853
-0.00166874 -0.00152455
0.000240324 -0.000401846
0.00133109 0.000898734
7.56249e-05 -0.000407621
-0.000568462 -0.000812864
-0.000350742 -0.000265178
3.42585e-05 -0.00050841
0.00180847 0.00130216
0.00186347 0.00110384
-0.000447839 -0.00127924
-0.00299435 -0.00429863
0.00178765 0.00131687
0.00167879 0.0010574
0.00964174 0.0139204
0.00706763 0.0176995
0.010551 0.0176089
0.0116473 0.0196863
0.00153134 0.00166528
-0.00492202 -0.00567408
0.0351277 0.0509083
0.0101284 0.016209
-0.00500372 -0.00559151
0.000468047 0.00569668
0.00254849 0.00520272
0.00847264 0.0136576
0.00229757 0.00271756
0.000190804 -0.000366191
0.00338626 0.00885812
-0.00100262 0.000105707
1.48071e-05 -0.000617916
0.00010122 0.00353846
0.00608804 0.0112518
-0.000918702 -9.89588e-07
0.000521869 -0.00044451
0.00655905 0.0177551
0.00413898 0.00912851
5.11794e-05 -0.00070272
0.0017131 0.00625422
0.00118917 0.00210493
-0.000433818 -0.001222
0.00724159 0.0134015
0.00060139 0.00350768
-0.000602523 -0.00103626
0.000681745 0.00160593
-4.65942e-05 -0.000568177
0.00650845 0.01501
0.000825348 0.00436807
-0.000208894 -0.000798505
0.0010893 0.000660536
-0.000687592 0.000151694
-0.000814736 -0.00114076
0.00108021 0.000585403
-0.002194 -0.00350523
0.000352157 -0.000796849
-0.000250204 -0.00107136
0.01229 0.0220008
-0.00254053 -0.00314176
0.000198893 -0.000840705
0.0015998 0.0102385
0.000799666 0.00735522
0.0149914 0.0233744
0.00225243 0.00395893
8.50822e-05 -0.00089704
0.00587786 0.0110675
-0.00160988 -0.000159841
-0.00029661 -0.000926235
0.00134424 0.00435101
0.0122872 0.0204945
-0.000945508 0.000545946
-9.66083e-05 -0.00114821
0.00879517 0.0197251
0.0043073 0.0100469
-0.000138857 -0.00140613
0.0030542 0.00917146
0.000530923 0.00263385
1.00027e-05 -0.000871618
0.00594258 0.0128097
0.000120606 0.00289156
-0.000381001 -0.00105925
0.000656278 0.00261216
-0.000844374 -0.00165122
0.00979428 0.018951
0.000876838 0.00520575
-0.000853301 -0.00182913
0.000899542 0.000241257
-0.000284298 0.000188776
-0.000339343 -0.00127125
0.000748555 0.000348577
-0.00191302 -0.00331168
0.000442271 -0.000790212
-6.95074e-05 -0.00102844
0.0104932 0.0204668
-0.00227196 -0.00309149
0.000420968 -0.000878164
0.000753234 0.00296797
0.031679 0.0343807
0.00433163 0.0022451
-0.000186007 -0.00104285
0.00505866 0.00896883
-0.00126918 -0.001379
0.000595071 -0.00126273
0.00525055 0.0139388
0.00742523 0.00839906
-5.34062e-05 -0.000589576
0.00246212 0.00501132
-0.000647241 -0.000521195
0.000164083 -0.000788624
0.0221406 0.0218112
-0.00471925 -0.00536652
0.0145044 0.0174778
-0.00253971 -0.00189881
-0.00253349 -0.00504879
-0.0024741 -0.00269376
0.00322019 0.00143528
-0.00158093 -0.00258026
-0.00101186 -0.00223486
0.000382551 -0.000308582
0.00176537 0.000826708
-0.000513878 -0.00117845
-0.00240917 -0.000536276
3.44048e-05 -0.00047516
0.00171264 0.000635559
0.00224663 0.00534988
0.000566984 0.000446951
0.00107328 0.000187484
0.000813885 0.0048248
0.000378635 0.000791785
0.000566235 -5.60413e-05
0.0046543 0.0031537
-0.00350029 -0.00388993
0.0196594 0.0239356
0.00959247 0.0118585
-0.00232624 -0.00362362
0.00116152 0.000648925
-0.000441926 -0.000952494
-0.00215164 -0.00272386
0.00127647 0.000530404
-0.00177843 -0.00230303
-0.00206474 -0.00277868
-0.00037762 -0.00108089
0.0147307 0.0306158
-0.00174234 -0.00254166
-0.00119308 -0.00228159
0.00173134 0.00564141
-0.000165163 -0.000588271
0.00444527 0.00718641
0.00121356 0.00119938
-6.21761e-05 -0.000788559
-0.000247374 -0.000809343
0.00152635 0.00141255
-0.000555692 -0.00102214
4.16356e-05 -0.000887474
-0.000217967 -0.000872383
0.000925007 6.42422e-05
-0.00050151 -0.00104415
9.27757e-05 0.00370881
-0.000435642 -0.000730564
0.000738118 0.000145894
-0.000235219 -0.000547934
0.00278352 0.00114231
-0.000555849 -0.00144456
0.0007098 -0.000855031
-0.00103614 -0.00136668
0.000539188 -0.000149691
-0.000641168 -0.00127189
0.00216063 0.00927517
-0.00107123 -0.0015905
0.000600725 -0.000156313
0.00109442 0.00061866
0.0015561 0.00096032
-0.000520078 -0.00135427
-0.00223478 -0.00329802
0.00104242 0.000760033
0.00155881 0.000917404
-0.00285579 -0.00375093
-0.00025671 -0.000941407
-0.000130455 -0.00106353
-0.00312004 -0.00363754
