time(s) swap_accept_rate
13.0647 1
13.6273 0.824242
13.1667 0.777273
13.2457 0.739394
13.3589 0.745455
14.2618 0.769697
14.1611 0.751515
14.1083 0.759091
14.4675 0.777273
13.5575 0.75303
14.6104 0.789394
14.6737 0.745455
15.3117 0.783333
13.7393 0.810606
14.182 0.8
13.632 0.787879
13.6287 0.804545
14.4878 0.79697
14.0113 0.810606
14.6174 0.827273
14.4737 0.798485
13.789 0.815152
14.6948 0.754545
14.0768 0.827273
14.5942 0.772727
13.3064 0.801515
14.3497 0.801515
13.346 0.781818
14.3949 0.774242
13.8504 0.810606
14.4454 0.780303
14.275 0.843939
13.6203 0.818182
14.786 0.813636
13.9145 0.781818
13.6013 0.777273
13.464 0.828788
13.6114 0.795455
14.7511 0.8
14.2793 0.759091
13.589 0.807576
14.0021 0.813636
13.4213 0.809091
15.1263 0.79697
14.1657 0.807576
14.3084 0.781818
14.8027 0.768182
14.3804 0.834848
14.1596 0.760606
14.1192 0.812121
14.2856 0.777273
13.8005 0.777273
14.3321 0.793939
14.7918 0.813636
14.4131 0.804545
13.5897 0.784848
13.0412 0.783333
13.3336 0.751515
14.474 0.840909
13.9004 0.774242
14.7962 0.8
13.5389 0.821212
14.173 0.79697
14.765 0.810606
15.6701 0.763636
13.6655 0.821212
13.9696 0.742424
13.1969 0.786364
13.9629 0.812121
13.9375 0.762121
13.3388 0.780303
14.0009 0.784848
15.589 0.787879
13.8757 0.769697
15.0046 0.792424
13.6909 0.777273
13.9451 0.793939
13.2614 0.784848
14.5111 0.766667
13.7709 0.856061
13.5149 0.804545
13.7409 0.839394
14.5035 0.792424
13.3521 0.807576
14.5213 0.766667
14.7499 0.783333
14.6032 0.80303
14.9148 0.784848
14.8938 0.798485
14.8018 0.769697
14.0685 0.798485
13.9793 0.813636
14.0215 0.860606
14.8206 0.784848
13.7471 0.783333
14.1497 0.775758
14.8454 0.780303
14.4569 0.85
14.3742 0.795455
14.5552 0.818182
14.2531 0.778788
14.3068 0.818182
13.5933 0.778788
13.776 0.8
14.157 0.818182
14.5792 0.75
13.6407 0.831818
15.5858 0.793939
14.7769 0.830303
14.5401 0.775758
13.979 0.768182
13.9561 0.816667
14.1035 0.839394
15.1732 0.783333
13.6741 0.789394
13.7866 0.777273
14.3656 0.784848
14.0244 0.80303
13.7729 0.822727
14.1078 0.787879
13.7444 0.818182
14.6787 0.775758
14.101 0.772727
13.9441 0.836364
13.297 0.789394
14.8983 0.74697
14.1206 0.8
14.4264 0.806061
13.6481 0.795455
14.028 0.790909
14.4034 0.806061
13.5106 0.786364
14.1238 0.795455
13.6116 0.760606
14.3987 0.804545
14.3742 0.801515
15.1777 0.778788
13.9117 0.798485
13.4313 0.780303
15.3022 0.804545
13.7194 0.765152
13.8809 0.801515
14.5251 0.745455
15.2916 0.813636
14.2179 0.801515
14.9556 0.783333
13.3334 0.831818
14.5822 0.769697
14.582 0.801515
13.7454 0.821212
14.5279 0.821212
13.921 0.792424
14.054 0.798485
14.452 0.807576
15.5362 0.813636
14.9927 0.819697
13.6311 0.789394
13.5943 0.795455
13.9292 0.813636
13.8938 0.768182
14.3138 0.813636
13.6767 0.831818
13.3968 0.816667
14.6039 0.80303
15.1447 0.778788
13.9511 0.781818
14.2064 0.777273
14.012 0.781818
13.6586 0.819697
13.6542 0.781818
14.1408 0.807576
13.9257 0.787879
14.8162 0.777273
14.0379 0.795455
14.7553 0.84697
14.2918 0.804545
14.4537 0.839394
14.1572 0.768182
13.478 0.780303
14.9635 0.812121
13.2615 0.777273
14.1856 0.810606
13.9675 0.827273
13.5353 0.819697
14.0439 0.763636
13.4075 0.840909
14.2452 0.790909
14.0527 0.836364
15.0558 0.80303
13.6532 0.806061
14.0901 0.778788
14.1436 0.807576
15.0685 0.781818
13.6579 0.780303
14.174 0.806061
14.7792 0.787879
14.1432 0.807576
13.9751 0.75303
13.2473 0.757576
14.8209 0.781818
14.6164 0.810606
14.0741 0.819697
14.1437 0.798485
14.7218 0.793939
14.1677 0.772727
13.8987 0.772727
13.3417 0.777273
13.7544 0.801515
14.3525 0.827273
15.1498 0.810606
14.8952 0.783333
14.7821 0.793939
14.8199 0.766667
14.3179 0.79697
14.1088 0.8
13.8492 0.813636
14.7673 0.778788
15.0716 0.780303
13.8247 0.809091
14.9892 0.80303
13.5104 0.769697
13.7374 0.756061
14.3948 0.766667
14.5428 0.810606
13.9542 0.821212
14.2027 0.780303
14.3618 0.8
13.9925 0.768182
13.788 0.772727
14.0222 0.783333
13.2888 0.809091
13.6294 0.774242
14.4143 0.787879
14.3253 0.775758
14.8601 0.775758
13.9504 0.821212
14.0597 0.774242
14.4722 0.821212
14.542 0.781818
13.6764 0.810606
14.5654 0.775758
13.7825 0.790909
14.3369 0.766667
13.4433 0.784848
13.7818 0.795455
13.6244 0.778788
14.3543 0.831818
13.6174 0.809091
14.5088 0.798485
14.4891 0.801515
14.102 0.789394
13.5284 0.816667
14.464 0.783333
14.9988 0.795455
14.1738 0.843939
14.8123 0.769697
14.0521 0.819697
14.0749 0.798485
14.6811 0.816667
13.736 0.771212
13.7895 0.819697
14.7299 0.807576
14.1675 0.784848
13.8631 0.775758
14.3942 0.781818
13.9467 0.813636
14.02 0.816667
14.2149 0.8
14.7432 0.792424
14.3781 0.771212
13.8891 0.810606
13.4593 0.813636
13.7734 0.807576
14.2662 0.815152
14.8169 0.765152
14.3304 0.789394
13.0794 0.771212
14.4628 0.822727
13.3212 0.789394
13.4092 0.836364
14.6832 0.774242
14.5084 0.807576
14.8804 0.787879
14.0761 0.792424
13.5099 0.757576
13.5161 0.798485
13.7435 0.834848
13.8219 0.793939
14.1824 0.834848
13.9545 0.8
14.0516 0.793939
13.337 0.813636
13.8787 0.792424
14.5375 0.768182
14.9971 0.833333
13.8896 0.795455
13.4186 0.763636
14 0.813636
13.6192 0.774242
13.8655 0.775758
14.6181 0.793939
14.8121 0.816667
15.5307 0.813636
13.9965 0.813636
13.4191 0.807576
15.0274 0.804545
13.628 0.787879
14.2394 0.795455
14.2946 0.812121
14.5025 0.79697
13.6788 0.818182
13.5106 0.793939
14.7813 0.790909
14.2229 0.856061
14.0247 0.763636
14.6069 0.819697
14.367 0.819697
13.7039 0.754545
13.8221 0.783333
15.4549 0.80303
14.1394 0.807576
13.9619 0.79697
14.3399 0.842424
13.6103 0.810606
14.7439 0.812121
14.4202 0.789394
13.7812 0.818182
14.5015 0.792424
13.6817 0.784848
14.4129 0.798485
15.129 0.790909
14.9002 0.795455
14.208 0.778788
14.7046 0.781818
14.1291 0.793939
14.5367 0.762121
14.8203 0.821212
14.7126 0.79697
15.319 0.815152
14.6371 0.774242
14.9238 0.815152
14.1152 0.822727
14.2772 0.771212
14.4336 0.793939
13.5154 0.825758
14.2254 0.80303
13.6759 0.79697
13.6427 0.772727
14.5112 0.804545
14.0879 0.759091
14.9487 0.812121
14.4257 0.793939
14.2394 0.756061
14.0519 0.828788
14.3868 0.798485
14.3583 0.8
13.571 0.778788
14.4147 0.809091
14.2239 0.783333
14.3724 0.80303
16.2037 0.786364
14.3133 0.840909
14.4157 0.778788
14.504 0.760606
15.1875 0.786364
14.7754 0.780303
13.9657 0.851515
14.543 0.792424
14.9862 0.763636
13.6351 0.784848
13.8955 0.830303
14.2806 0.839394
13.4568 0.772727
14.2669 0.740909
13.8062 0.765152
13.5732 0.812121
14.629 0.789394
14.0693 0.768182
14.6268 0.801515
14.5581 0.786364
13.6212 0.792424
13.8852 0.795455
13.6325 0.786364
14.1131 0.824242
13.6028 0.843939
13.4769 0.774242
14.0613 0.824242
15.0978 0.809091
14.0115 0.816667
14.8651 0.804545
14.3374 0.777273
14.3667 0.765152
13.9484 0.784848
13.7248 0.819697
15.0619 0.768182
14.4211 0.790909
13.9071 0.763636
14.5854 0.743939
14.9787 0.789394
13.7078 0.769697
15.5697 0.79697
13.9008 0.806061
13.9798 0.756061
14.302 0.790909
14.2684 0.798485
13.6573 0.769697
14.1187 0.780303
14.7147 0.866667
15.5591 0.790909
14.2357 0.798485
14.2085 0.822727
14.3597 0.79697
14.5387 0.793939
14.7797 0.818182
14.4225 0.778788
13.9043 0.798485
14.6769 0.806061
14.2244 0.804545
14.5928 0.845455
14.1026 0.757576
14.4539 0.809091
14.0629 0.836364
14.064 0.766667
13.6635 0.795455
14.1796 0.812121
13.9931 0.772727
14.0103 0.777273
13.918 0.801515
14.9369 0.784848
14.361 0.783333
13.7689 0.798485
14.9332 0.780303
14.8233 0.819697
14.8723 0.80303
14.8608 0.816667
15.0669 0.778788
14.5887 0.784848
14.0091 0.775758
13.9387 0.815152
13.7049 0.866667
14.6196 0.813636
15.2298 0.801515
14.19 0.787879
14.7809 0.759091
14.8967 0.793939
14.1002 0.833333
15.1165 0.806061
14.306 0.778788
14.543 0.772727
13.9355 0.818182
15.2205 0.815152
14.6358 0.771212
14.0013 0.748485
13.5307 0.801515
14.0913 0.836364
14.9271 0.771212
14.6335 0.765152
13.882 0.790909
14.9219 0.790909
14.0531 0.792424
15.4514 0.771212
14.5646 0.816667
14.5075 0.819697
14.7841 0.790909
14.0919 0.804545
14.3891 0.762121
14.3582 0.827273
14.6765 0.790909
13.9873 0.795455
14.2499 0.804545
15.3778 0.789394
13.6222 0.822727
13.735 0.778788
13.6544 0.790909
14.6372 0.840909
14.0369 0.772727
15.5027 0.827273
14.3762 0.833333
13.6627 0.795455
14.529 0.790909
13.7019 0.74697
15.2931 0.807576
14.684 0.783333
13.9171 0.79697
19.7963 0.740909
25.1313 0.806061
19.6101 0.780303
14.2964 0.807576
14.4848 0.79697
15.0758 0.809091
14.4723 0.778788
14.2115 0.772727
13.8932 0.822727
14.8511 0.787879
13.7613 0.784848
15.2628 0.786364
14.5386 0.807576
14.0764 0.775758
14.1139 0.807576
14.3887 0.806061
14.8457 0.781818
14.3623 0.809091
13.5409 0.765152
14.7246 0.795455
13.8888 0.8
14.363 0.793939
14.2527 0.754545
14.0547 0.827273
15.2493 0.816667
14.536 0.804545
13.5508 0.789394
14.555 0.818182
14.2078 0.786364
14.535 0.759091
14.2588 0.812121
14.2232 0.798485
14.4933 0.780303
13.876 0.801515
15.1736 0.801515
14.0636 0.792424
13.9509 0.809091
14.0354 0.809091
14.9231 0.798485
13.8667 0.789394
13.4184 0.756061
14.1815 0.772727
13.8979 0.812121
14.9493 0.790909
14.4548 0.777273
14.2376 0.812121
13.9351 0.784848
14.7561 0.804545
14.0323 0.801515
14.2808 0.822727
13.5876 0.790909
15.0185 0.780303
13.8554 0.766667
15.4845 0.775758
15.1552 0.824242
15.3998 0.792424
13.8463 0.801515
14.5467 0.801515
15.6217 0.740909
13.5553 0.781818
14.3243 0.792424
14.17 0.780303
13.8387 0.810606
14.3839 0.798485
14.4457 0.781818
14.3246 0.778788
14.9749 0.768182
13.9662 0.783333
15.2888 0.759091
14.2247 0.810606
15.7535 0.807576
14.7906 0.789394
14.2534 0.793939
14.6759 0.778788
15.0356 0.798485
13.9871 0.80303
13.6166 0.760606
14.2182 0.774242
14.7309 0.790909
14.7381 0.830303
14.2146 0.792424
14.0694 0.8
14.2588 0.790909
13.7507 0.793939
14.7329 0.819697
14.4264 0.742424
14.4453 0.775758
15.6061 0.781818
13.8118 0.795455
14.7896 0.806061
14.4744 0.769697
15.0449 0.787879
14.2075 0.813636
14.2178 0.828788
13.8495 0.771212
14.0274 0.824242
13.9719 0.827273
14.1869 0.80303
13.7512 0.784848
14.1132 0.8
14.0095 0.863636
13.8168 0.827273
13.8466 0.812121
14.1401 0.807576
14.2845 0.789394
14.5368 0.771212
14.6728 0.75303
13.6533 0.786364
14.2487 0.821212
14.2962 0.821212
14.4886 0.763636
14.2064 0.828788
14.103 0.79697
13.7824 0.79697
13.8526 0.798485
14.5226 0.789394
14.208 0.778788
14.3704 0.828788
14.2724 0.792424
14.681 0.827273
14.254 0.813636
14.1204 0.775758
13.8042 0.806061
13.7006 0.801515
14.4286 0.748485
14.2214 0.789394
14.034 0.812121
13.5298 0.815152
14.7476 0.793939
13.6151 0.756061
14.0637 0.842424
13.9914 0.787879
13.6587 0.833333
14.9091 0.760606
15.1972 0.834848
13.4189 0.798485
13.7597 0.809091
13.5521 0.786364
14.7084 0.792424
14.1089 0.8
13.5127 0.810606
14.4549 0.815152
14.9516 0.8
13.9607 0.784848
13.8587 0.815152
14.4972 0.759091
13.7729 0.831818
14.2982 0.787879
14.4998 0.810606
14.4249 0.827273
14.1986 0.798485
13.9103 0.778788
15.0789 0.806061
14.1387 0.772727
14.3909 0.783333
14.9801 0.815152
13.9588 0.787879
13.4859 0.781818
14.0486 0.775758
14.2792 0.793939
14.2239 0.742424
13.5771 0.80303
14.6397 0.795455
15.2194 0.793939
15.0868 0.771212
14.2298 0.783333
15.2435 0.739394
14.3189 0.818182
15.0072 0.831818
13.6832 0.827273
13.5825 0.80303
15.1269 0.772727
13.7346 0.778788
14.0871 0.798485
13.992 0.842424
13.893 0.75303
13.9403 0.751515
14.2833 0.778788
14.0496 0.833333
14.4455 0.75303
14.1009 0.790909
14.0991 0.786364
14.5843 0.786364
14.6463 0.798485
14.3868 0.822727
13.6706 0.813636
14.3 0.821212
14.6103 0.822727
