19
-0.198516      -1.83721       
0.00670439     -1.80412       
0.193618       -1.68411       
0.0844838      -2.00915       
0.132138       -1.43121       
-0.0431742     -2.00938       
-0.117424      -1.10031       
0.0758396      -1.70178       
-0.0757879     -0.52336       
-0.0291122     -1.52962       
-0.345501      -0.262006      
-0.128778      -2.67495       
-0.0621642     -0.82675       
0.232721       -1.10922       
-0.332726      -1.67187       
-0.050994      -2.68233       
0.138955       -0.913769      
-0.0176502     -1.46834       
-0.277771      -0.106174      
-0.189819      
-0.157807      
-0.121802      
-0.0239382     
-0.124038      
-0.0920701     
-0.0400146     
0.0977843      
-0.0331872     
0.251062       
0.175291       
-0.136086      
0.262507       
0.229164       
-0.11379       
0.0142803      
-0.00959526    
0.241965       
-0.000609719   
-0.101672      
0.0141605      
0.0506818      
-0.0790041     
0.00814443     
0.0123916      
-0.0346887     
-0.103316      
0.0222676      
-0.28184       
-0.0676545     
0.0942377      
0.106576       
0.189841       
0.17214        
-0.121709      
-0.11975       
0.0106417      
-0.113323      
-0.0388666     
-0.331684      
-0.144858      
-0.0885835     
0.216054       
-0.300368      
-0.0644236     
0.061832       
0.00195266     
0.220965       
-0.0997838     
-0.144176      
-0.0365763     
-0.099499      
-0.0111566     
-0.255647      
-0.0956964     
-0.0497888     
0.123919       
-0.185335      
-0.0462732     
0.33101        
-0.00317792    
-0.11667       
-0.195841      
-0.000591751   
-0.0828735     
-0.0193624     
-0.303516      
-0.175802      
-0.139581      
0.0918618      
-0.209217      
-0.0110911     
0.207572       
-0.094004      
0.182485       
0.349839       
-0.0425995     
0.0106291      
-0.00614789    
0.0410941      
0.10621        
-0.0050713     
0.215579       
-0.0132165     
-0.0666076     
0.100679       
0.460288       
-0.117134      
0.00657531     
0.157141       
0.0297676      
0.0586113      
-0.1435        
-0.0671843     
-0.123369      
-0.107196      
0.0766937      
0.00176568     
0.048794       
0.0370621      
-0.049312      
0.0893952      
0.0582953      
-0.040686      
-0.0264521     
0.0488305      
0.0873846      
0.337319       
0.147064       
0.0798634      
-0.106245      
-0.103364      
-0.0993026     
0.213906       
-0.0205437     
0.0906476      
0.0247566      
0.219801       
0.1135         
0.0117531      
-0.0248978     
0.237439       
0.0148473      
0.414093       
0.0917185      
-0.033635      
-0.33129       
-0.0250383     
-0.0434717     
-0.235464      
0.111609       
0.0620459      
-0.097236      
0.19734        
0.321021       
-0.0909104     
0.340478       
-0.0383406     
0.0459751      
0.028283       
-0.0364902     
0.371494       
-0.223187      
0.0285415      
0.103732       
0.00315675     
-0.0280067     
-0.235752      
0.0270985      
0.0112907      
0.077667       
-0.0333962     
