time(s) swap_accept_rate
6.52816 1
6.96486 1
8.29988 1
7.01271 0.902273
6.96871 0.968182
7.14463 1
7.41778 1
7.24272 0.929545
7.95569 0.913636
6.64992 0.927273
7.27864 1
6.79569 0.918182
6.60367 0.959091
6.92549 0.968182
7.45965 0.920455
6.57181 0.895455
7.26491 0.925
6.69578 0.922727
7.31473 0.929545
6.6217 0.820455
7.37776 0.902273
6.93657 0.8
6.94084 0.856818
6.89687 0.879545
7.26457 0.875
6.76483 0.931818
8.84903 0.825
6.71673 0.802273
7.76337 0.718182
7.07074 0.770455
7.87476 0.754545
6.82475 0.854545
7.32049 0.779545
7.14171 0.779545
8.58586 0.765909
7.08413 0.784091
7.819 0.852273
6.80754 0.856818
7.23066 0.840909
7.02151 0.777273
8.04692 0.759091
7.17382 0.872727
8.27974 0.820455
6.88987 0.8
7.94887 0.854545
6.87595 0.825
7.62047 0.788636
6.55886 0.756818
7.38187 0.770455
6.83286 0.827273
7.18777 0.768182
6.88587 0.811364
8.64468 0.795455
7.1859 0.793182
7.40177 0.781818
7.06991 0.818182
8.29684 0.788636
7.04587 0.865909
8.47473 0.840909
6.66984 0.831818
7.86634 0.825
7.00393 0.772727
8.26997 0.838636
6.58288 0.806818
7.61436 0.811364
6.89937 0.779545
7.19285 0.763636
6.8649 0.784091
8.43988 0.845455
6.70686 0.761364
8.10362 0.790909
6.63092 0.825
7.2737 0.804545
6.77323 0.788636
7.36391 0.820455
6.59891 0.825
6.94746 0.8
6.70589 0.836364
8.11094 0.809091
6.8038 0.802273
6.41692 0.763636
7.00189 0.781818
6.96789 0.847727
6.82088 0.834091
7.36581 0.752273
7.1183 0.772727
8.5169 0.743182
6.79574 0.847727
7.91278 0.781818
6.60491 0.829545
8.2329 0.854545
6.86387 0.806818
6.72989 0.784091
7.3299 0.775
7.38092 0.754545
6.56889 0.827273
8.12158 0.836364
6.76291 0.765909
6.88292 0.790909
6.99968 0.820455
8.46391 0.727273
6.98957 0.834091
8.4678 0.781818
7.0999 0.761364
7.71989 0.840909
7.13322 0.793182
7.97993 0.788636
6.53856 0.788636
8.36488 0.775
7.15452 0.743182
7.09482 0.811364
6.72189 0.797727
8.38655 0.8
6.7169 0.809091
7.0287 0.843182
6.78584 0.770455
7.22582 0.809091
6.75969 0.822727
7.2325 0.768182
6.6718 0.768182
7.45423 0.75
7.01057 0.754545
6.6756 0.768182
6.95686 0.747727
7.58193 0.806818
6.49964 0.793182
8.15589 0.8
7.21787 0.765909
8.27994 0.75
6.75693 0.831818
7.07989 0.822727
6.68285 0.781818
7.36404 0.779545
7.09319 0.763636
7.56981 0.75
6.75081 0.761364
8.36692 0.740909
6.77695 0.797727
8.54286 0.815909
6.79987 0.740909
6.77088 0.738636
6.76858 0.831818
6.69925 0.822727
7.20589 0.811364
6.97185 0.788636
6.79786 0.725
8.01799 0.779545
6.83395 0.786364
7.96191 0.811364
6.98855 0.786364
8.23193 0.786364
6.62783 0.804545
7.39091 0.784091
6.82685 0.738636
6.78445 0.809091
6.88594 0.779545
7.14689 0.770455
7.03866 0.822727
8.2819 0.784091
6.85271 0.797727
7.07993 0.761364
6.98862 0.725
7.20493 0.779545
6.9899 0.75
8.05391 0.797727
6.43586 0.777273
7.04556 0.770455
6.74386 0.815909
7.38089 0.765909
6.83589 0.775
6.76386 0.790909
6.69295 0.793182
7.58485 0.756818
6.96673 0.804545
6.7099 0.745455
7.28787 0.779545
7.83292 0.756818
7.10287 0.779545
7.17688 0.852273
6.53885 0.818182
7.62305 0.775
6.66016 0.775
7.25692 0.797727
7.26186 0.806818
7.11656 0.802273
7.00485 0.729545
7.36882 0.790909
6.53958 0.781818
8.36672 0.809091
7.24868 0.820455
6.88287 0.743182
7.15082 0.763636
8.23372 0.740909
7.14509 0.806818
7.00275 0.761364
7.18725 0.838636
7.10535 0.827273
6.81529 0.770455
7.32276 0.788636
6.71558 0.784091
7.29476 0.854545
6.71363 0.731818
7.78191 0.779545
6.71293 0.722727
6.7659 0.765909
7.0929 0.779545
7.26882 0.752273
6.69215 0.768182
8.02458 0.781818
6.4999 0.781818
6.96463 0.806818
7.36589 0.765909
7.97392 0.772727
6.70985 0.822727
7.86191 0.752273
7.14956 0.752273
7.34158 0.775
6.73771 0.790909
7.84491 0.788636
6.67288 0.822727
8.60084 0.790909
6.78284 0.784091
7.99754 0.8
6.45588 0.809091
7.85624 0.770455
6.89754 0.756818
7.4209 0.738636
7.05089 0.786364
7.93692 0.745455
6.71588 0.779545
7.46094 0.768182
6.80386 0.825
7.26392 0.770455
6.68486 0.745455
7.37686 0.775
6.90486 0.797727
6.73773 0.775
7.0869 0.820455
7.3739 0.770455
6.99675 0.781818
8.27889 0.781818
7.5257 0.793182
6.79206 0.797727
6.86474 0.768182
6.74039 0.775
6.76381 0.731818
7.21034 0.768182
7.04209 0.768182
7.78501 0.752273
6.85169 0.797727
7.30481 0.740909
6.90086 0.802273
7.88361 0.761364
6.80593 0.797727
7.8029 0.822727
6.9989 0.790909
8.16784 0.818182
7.1016 0.759091
8.35491 0.779545
6.84964 0.756818
8.45391 0.781818
7.2988 0.740909
7.27096 0.775
6.76759 0.784091
7.90365 0.747727
6.66764 0.763636
8.15889 0.809091
6.57143 0.8
7.04181 0.840909
6.72191 0.784091
6.86569 0.813636
6.7799 0.765909
7.26862 0.788636
6.63992 0.795455
7.53253 0.775
6.60189 0.784091
8.36995 0.752273
7.21885 0.802273
8.51572 0.711364
6.75581 0.759091
7.94185 0.763636
7.14878 0.811364
8.16093 0.809091
6.53862 0.781818
8.08769 0.788636
6.65771 0.75
7.30383 0.761364
6.80988 0.761364
7.24075 0.777273
6.90592 0.813636
6.85688 0.813636
6.56783 0.797727
7.90688 0.772727
6.71189 0.75
7.4259 0.747727
6.65984 0.759091
7.38684 0.775
6.87794 0.802273
8.51293 0.809091
6.51687 0.809091
7.22891 0.802273
6.66384 0.781818
8.24642 0.8
6.78887 0.804545
8.11696 0.763636
6.60687 0.827273
6.76459 0.779545
6.82288 0.804545
7.55489 0.790909
6.56562 0.765909
7.39196 0.75
6.59246 0.811364
8.22091 0.790909
6.68781 0.765909
8.05274 0.827273
6.65355 0.788636
7.30595 0.811364
6.88991 0.811364
7.18693 0.763636
6.79472 0.779545
8.24776 0.784091
6.72783 0.85
7.86947 0.763636
6.92089 0.836364
6.95189 0.788636
71189 0.793182
7.30691 0.781818
7.15588 0.786364
9.11118 0.756818
7.04322 0.790909
8.13473 0.779545
6.81379 0.804545
7.95484 0.784091
6.5584 0.781818
7.14432 0.752273
6.67986 0.75
7.50028 0.747727
6.907 0.747727
7.10388 0.725
6.71897 0.790909
7.94379 0.768182
7.36123 0.788636
7.08252 0.788636
7.08666 0.811364
8.34875 0.788636
6.72189 0.743182
7.79084 0.779545
6.45386 0.777273
7.41395 0.820455
7.14522 0.761364
8.76589 0.815909
7.03963 0.8
7.7532 0.820455
7.01609 0.761364
7.53992 0.752273
7.16684 0.75
7.40291 0.759091
6.86782 0.754545
6.70163 0.784091
6.82253 0.765909
7.59871 0.784091
6.60172 0.765909
7.11587 0.777273
6.56192 0.786364
7.42859 0.763636
7.30592 0.761364
6.69894 0.793182
6.79469 0.765909
7.38364 0.838636
7.07169 0.768182
7.09868 0.759091
6.99779 0.770455
7.48707 0.779545
6.78301 0.784091
7.19655 0.793182
6.591 0.840909
