29
-0.208903      -4.19563       
0.00531748     -3.4704        
0.159826       -2.55247       
0.0650753      -4.2949        
0.103688       -3.27325       
-0.0444122     -4.41581       
-0.120436      -2.03066       
0.0546849      -1.67886       
-0.0967944     -1.10021       
-0.0362995     -2.93654       
-0.343192      -1.34325       
-0.111097      -3.00629       
-0.0641203     -1.80881       
0.204521       -1.95216       
-0.289941      -3.58853       
-0.0687112     -3.253         
0.116549       -2.34252       
-0.00741055    -3.15155       
-0.0634515     -0.655329      
0.096575       -0.959914      
-0.252676      -0.590034      
-0.191921      -2.07524       
-0.00198736    -2.18003       
-0.0226995     -0.657885      
-0.70106       -2.58734       
-0.183991      -13.0441       
-0.323321      -0.89907       
-0.699239      -3.21034       
-0.243874      -11.9336       
-0.19956       
-0.164799      
-0.132197      
-0.0424009     
-0.0949221     
-0.0747436     
-0.0485183     
0.0916895      
-0.0372104     
0.204018       
0.147809       
-0.142026      
0.162521       
0.211438       
-0.11531       
0.0187233      
-0.0267358     
-0.120646      
-0.00586158    
-0.153813      
-0.0389381     
-0.299057      
-0.582921      
0.0275466      
0.231078       
-0.595581      
-0.0169846     
0.214847       
-0.00608271    
-0.0843265     
-0.102103      
-0.00131748    
-0.0956437     
-0.0133221     
-0.0339185     
-0.0470905     
-0.109359      
0.019834       
-0.231548      
-0.0614155     
0.0575974      
0.0336042      
0.0325023      
0.113982       
-0.0808264     
0.444924       
-0.0505346     
0.324182       
-0.622468      
0.0134381      
-0.151675      
-0.506485      
0.164843       
0.141477       
-0.120184      
-0.118411      
-0.00719257    
-0.131519      
-0.0445453     
-0.327284      
-0.127127      
-0.0858517     
0.189454       
-0.261585      
-0.0802158     
0.0440815      
0.0139527      
-0.0943717     
0.0578984      
-0.249809      
-0.200223      
-0.00448185    
0.0471719      
-0.697052      
-0.168624      
-0.29007       
-0.679097      
0.194848       
-0.0958749     
-0.126578      
-0.0442558     
-0.115309      
-0.0184476     
-0.253497      
-0.0873239     
-0.0541518     
0.106086       
-0.156305      
-0.0591959     
0.305518       
-0.00489383    
-0.0105255     
0.00850394     
-0.196527      
-0.0767497     
-0.0754864     
0.0909949      
-0.657463      
-0.0836403     
-0.198537      
-0.607485      
-0.112614      
-0.162798      
-0.00639199    
-0.102104      
-0.0256177     
-0.297616      
-0.155277      
-0.132312      
0.0722737      
-0.170668      
-0.0285239     
0.184912       
-0.0722618     
-0.148138      
-0.0131317     
-0.26263       
-0.173795      
-0.0697771     
0.0469198      
-0.674405      
-0.200458      
-0.318528      
-0.663881      
0.0157764      
0.288893       
-0.050634      
-0.00887325    
-0.0450649     
-0.00025375    
0.0590069      
-0.0103422     
0.131467       
-0.0158717     
-0.0554697     
0.0662076      
0.0562178      
0.031049       
0.308004       
-0.0788799     
0.200397       
-0.127763      
-0.490649      
0.04039        
-0.0278892     
-0.38101       
0.274515       
-0.123794      
-0.0371464     
0.0589158      
-0.0265715     
-0.00689426    
-0.132995      
-0.111144      
-0.103316      
-0.110878      
-0.0334384     
0.0526719      
0.393174       
0.207311       
0.223154       
0.460917       
0.0087258      
-0.289958      
0.121828       
-0.0327544     
-0.190398      
-0.00880382    
0.0306415      
-0.0112782     
-0.0524179     
0.059316       
0.0448135      
-0.0300127     
-0.0257163     
0.0301618      
0.0385324      
0.0532921      
0.300666       
0.0912026      
0.0167174      
0.15489        
0.0369954      
-0.295479      
-0.00467999    
-0.101029      
-0.332918      
0.315455       
0.13172        
0.0593483      
-0.119129      
-0.119108      
-0.0883699     
0.195078       
-0.0362004     
0.0740999      
0.0104898      
0.0109666      
-0.0517147     
-0.00459223    
-0.0197237     
-0.0565345     
-0.526066      
0.0762715      
-0.107264      
-0.582818      
-0.000589011   
0.163097       
0.0696522      
0.00382192     
-0.0316085     
0.225098       
0.0104439      
0.357735       
0.0983505      
0.024579       
-0.0175581     
0.0339391      
0.00480022     
-0.0599641     
-0.411168      
0.175858       
-0.0800298     
-0.542659      
0.044894       
-0.0651382     
-0.323464      
-0.0391514     
-0.046637      
-0.234446      
0.0640171      
0.0307075      
0.100121       
0.034261       
0.125324       
0.095815       
-0.0506323     
-0.287147      
0.14295        
-0.0458744     
-0.105772      
-0.0224383     
-0.0821288     
0.0792932      
0.305695       
-0.0703251     
0.245006       
0.110539       
-0.0621307     
-4.00733e-07   
0.0305206      
-0.0234727     
-0.137642      
-0.463887      
0.431156       
0.129928       
-0.513584      
-0.0463223     
-0.0153638     
0.0211165      
-0.0313378     
0.231768       
0.372218       
0.0161538      
0.0306324      
-0.00782461    
0.0313376      
-0.183745      
-0.415352      
0.0746228      
0.0974003      
-0.329259      
-0.184186      
0.0123052      
0.0895237      
0.000497154    
0.0181126      
0.0351576      
-0.103603      
-0.177276      
-0.0363792     
0.0132979      
-0.616016      
-0.110043      
-0.312866      
-0.623958      
-0.0259431     
-0.192425      
0.0122418      
-0.0235373     
-0.15697       
0.276033       
-0.104698      
-0.0179686     
-0.172996      
-0.444584      
0.0842655      
0.453395       
-0.281511      
0.000532944    
0.076273       
-0.00325415    
-0.00310938    
-0.0327575     
-0.0876906     
-0.0631928     
-0.0914209     
-0.50973       
0.0383931      
-0.0456861     
-0.581524      
-0.0246117     
-0.0709107     
0.0879173      
-0.264228      
0.0106239      
-0.0510362     
0.0861647      
-0.579771      
-0.140205      
-0.207843      
-0.54059       
0.484269       
0.0744145      
-0.04599       
0.15705        
0.00495463     
0.00238207     
-0.3252        
0.14592        
-0.0157969     
-0.406816      
0.0681365      
0.0508363      
0.085236       
0.105069       
0.036373       
-0.287366      
0.206987       
-0.0204066     
-0.333299      
-0.106134      
-0.0294355     
0.458991       
0.386766       
-0.278446      
0.0504756      
-0.157154      
-0.122032      
-0.0820346     
0.437347       
-0.0539914     
-0.308729      
0.16842        
0.275292       
-0.161969      
0.0469679      
0.0915924      
-0.398381      
0.131904       
0.0104037      
-0.271177      
0.0795646      
-0.277592      
0.119727       
-0.0482813     
-0.128844      
-0.530298      
0.0140069      
-0.166008      
-0.322601      
-0.219416      
-0.297495      
0.00380021     
0.395529       
-0.306008      
-0.214093      
