-0.595991 -0.596184
-0.625335 -0.628724
-0.616001 -0.619471
-0.62352 -0.624345
-0.615077 -0.616437
-0.604487 -0.604655
-0.615687 -0.614425
-0.618112 -0.61977
-0.635244 -0.635966
-0.608936 -0.610966
-0.649776 -0.65469
-0.63718 -0.638414
-0.645642 -0.646793
-0.643862 -0.646241
-0.648904 -0.650276
-0.63746 -0.639759
-0.63493 -0.638356
-0.632016 -0.633437
-0.62516 -0.624736
-0.629452 -0.630908
-0.617606 -0.618172
-0.628283 -0.628414
-0.629539 -0.63031
-0.609459 -0.614437
-0.650055 -0.651632
-0.662773 -0.664552
-0.611762 -0.615149
-0.654155 -0.656839
-0.661814 -0.663517
-0.653318 -0.651172
-0.624428 -0.625287
-0.628458 -0.629138
-0.640286 -0.639437
-0.627289 -0.630161
-0.632941 -0.634586
-0.625928 -0.627678
-0.625492 -0.627586
-0.627725 -0.629724
-0.67181 -0.671989
-0.621008 -0.625
-0.633831 -0.632368
-0.670223 -0.670471
-0.642641 -0.644402
-0.641612 -0.64408
-0.662529 -0.66154
-0.632243 -0.633483
-0.684807 -0.684586
-0.648939 -0.650391
-0.689064 -0.689253
-0.629487 -0.633862
-0.645345 -0.645563
-0.637337 -0.639011
-0.632557 -0.63577
-0.686657 -0.684724
-0.689221 -0.68746
-0.648817 -0.652908
-0.646148 -0.651678
-0.661709 -0.66469
-0.651189 -0.657759
-0.65405 -0.659701
-0.641559 -0.647
-0.647718 -0.652747
-0.653824 -0.658908
-0.705969 -0.705563
-0.648014 -0.656207
-0.659127 -0.661966
-0.694437 -0.696023
-0.661308 -0.666805
-0.659965 -0.666046
-0.67666 -0.678586
-0.655516 -0.659885
-0.661151 -0.667034
-0.669874 -0.675161
-0.687913 -0.692023
-0.657993 -0.666724
-0.665163 -0.669828
-0.663297 -0.668356
-0.660366 -0.666839
-0.686761 -0.683885
-0.640286 -0.643218
-0.636744 -0.640747
-0.651573 -0.654034
-0.643461 -0.646759
-0.646252 -0.650632
-0.633517 -0.637379
-0.639466 -0.644644
-0.645014 -0.649862
-0.696356 -0.695046
-0.640216 -0.646885
-0.650945 -0.653632
-0.706458 -0.704333
-0.652463 -0.656931
-0.652829 -0.65792
-0.667711 -0.670184
-0.646217 -0.650103
-0.657226 -0.661575
-0.660122 -0.663448
-0.68486 -0.688264
-0.648311 -0.655747
-0.656598 -0.660207
-0.654103 -0.658667
-0.650893 -0.656552
-0.647107 -0.646966
-0.642519 -0.644103
-0.65808 -0.657391
-0.650143 -0.652552
-0.652515 -0.653851
-0.640164 -0.641333
-0.644961 -0.645839
-0.650649 -0.651701
-0.698502 -0.696793
-0.647247 -0.651
-0.658953 -0.657471
-0.702009 -0.699368
-0.656388 -0.657552
-0.656057 -0.657736
-0.671531 -0.670989
-0.653108 -0.653874
-0.659895 -0.661
-0.665896 -0.667195
-0.686238 -0.685759
-0.656074 -0.66
-0.662407 -0.662874
-0.660819 -0.662023
-0.658482 -0.660989
-0.656894 -0.657575
-0.678108 -0.677897
-0.634058 -0.635655
-0.641315 -0.643598
-0.632383 -0.634575
-0.639658 -0.643402
-0.649183 -0.651402
-0.670833 -0.674908
-0.652027 -0.655713
-0.642554 -0.643057
-0.661256 -0.664885
-0.653108 -0.657
-0.657766 -0.660563
-0.672438 -0.673356
-0.68486 -0.685437
-0.644682 -0.64631
-0.687634 -0.687172
-0.659197 -0.660103
-0.633778 -0.639241
-0.663942 -0.666966
-0.657819 -0.659954
-0.637058 -0.640736
-0.690024 -0.688529
-0.629434 -0.630448
-0.63725 -0.638966
-0.640809 -0.642977
-0.633918 -0.635644
-0.643304 -0.644862
-0.66614 -0.669494
-0.631493 -0.635747
-0.634895 -0.634241
-0.658377 -0.661172
-0.649672 -0.651402
-0.657993 -0.660759
-0.713558 -0.712724
-0.677899 -0.677333
-0.662564 -0.664713
-0.724148 -0.725414
-0.670415 -0.671195
-0.632226 -0.638241
-0.666158 -0.666287
-0.648067 -0.650126
-0.636308 -0.639989
-0.643775 -0.644885
-0.649497 -0.650713
-0.64381 -0.644057
-0.641978 -0.643299
-0.655272 -0.654701
-0.680341 -0.682115
-0.642903 -0.646069
-0.648921 -0.646471
-0.672892 -0.67554
-0.661011 -0.661448
-0.665704 -0.667218
-0.706963 -0.705782
-0.675038 -0.674253
-0.660924 -0.660943
-0.703666 -0.703529
-0.678893 -0.678575
-0.644124 -0.647897
-0.667658 -0.66808
-0.655568 -0.656471
-0.646322 -0.648563
-0.673869 -0.677345
-0.643723 -0.645954
-0.65187 -0.654184
-0.639379 -0.642207
-0.67202 -0.675299
-0.634476 -0.639644
-0.666838 -0.668736
-0.665443 -0.669828
-0.660226 -0.664126
-0.653893 -0.65569
-0.656249 -0.657977
-0.641524 -0.644517
-0.649462 -0.651138
-0.653265 -0.654943
-0.660767 -0.662816
-0.636081 -0.641908
-0.663105 -0.666253
-0.648991 -0.652138
-0.63814 -0.642851
-0.639885 -0.642954
-0.673607 -0.678126
-0.65972 -0.663322
-0.675544 -0.679103
-0.642501 -0.647057
-0.677341 -0.67969
-0.667536 -0.672713
-0.696932 -0.700253
-0.676643 -0.680414
-0.662564 -0.66346
-0.649654 -0.65331
-0.656406 -0.657793
-0.660837 -0.663897
-0.663175 -0.664897
-0.637826 -0.643943
-0.684005 -0.687414
-0.658098 -0.660862
-0.639605 -0.643552
-0.63903 -0.640023
-0.634773 -0.636161
-0.662076 -0.664448
-0.631371 -0.636103
-0.639099 -0.637885
-0.65494 -0.658494
-0.649201 -0.651115
-0.64859 -0.651069
-0.662145 -0.663632
-0.645746 -0.649437
-0.652986 -0.655966
-0.661465 -0.66469
-0.65672 -0.659621
-0.631964 -0.638184
-0.66129 -0.662253
-0.646549 -0.649471
-0.638384 -0.64331
-0.654679 -0.65777
-0.668757 -0.671966
-0.65487 -0.662655
-0.680847 -0.684345
-0.660889 -0.664954
-0.684807 -0.688747
-0.673066 -0.676954
-0.654522 -0.655034
-0.653963 -0.658517
-0.651817 -0.652333
-0.657086 -0.659057
-0.656144 -0.657897
-0.633517 -0.639356
-0.706841 -0.712069
-0.677096 -0.682253
-0.63568 -0.639816
-0.675038 -0.677552
-0.647125 -0.651621
-0.654434 -0.655632
-0.665914 -0.669874
-0.682714 -0.686172
-0.692885 -0.695644
-0.663803 -0.665609
-0.657278 -0.659506
-0.652655 -0.65408
-0.66696 -0.66892
-0.66061 -0.662402
-0.638646 -0.644253
-0.676067 -0.678644
-0.667501 -0.670575
-0.641716 -0.645172
-0.669054 -0.675724
-0.681562 -0.682724
-0.713104 -0.712046
-0.681405 -0.684874
-0.682121 -0.685402
-0.695362 -0.696103
-0.677288 -0.680989
-0.681248 -0.684506
-0.688855 -0.69323
-0.704696 -0.70577
-0.678614 -0.685115
-0.686273 -0.688195
-0.683883 -0.686747
-0.680952 -0.685506
-0.647473 -0.651575
-0.661116 -0.666966
-0.651154 -0.65623
-0.650928 -0.655839
-0.650352 -0.654402
-0.677951 -0.682667
-0.642484 -0.646897
-0.658185 -0.663299
-0.655778 -0.660805
-0.635418 -0.645115
-0.675491 -0.680379
-0.707609 -0.711069
-0.639536 -0.647621
-0.673345 -0.674333
-0.670397 -0.673322
-0.663018 -0.665207
-0.66136 -0.660207
-0.650474 -0.651529
-0.652271 -0.65146
-0.658377 -0.658529
-0.665739 -0.665115
-0.642903 -0.647126
-0.674741 -0.676828
-0.663384 -0.664598
-0.644961 -0.647609
-0.672805 -0.676897
-0.672403 -0.67646
-0.688541 -0.690724
-0.667501 -0.670483
-0.678649 -0.68269
-0.681022 -0.684862
-0.701014 -0.703793
-0.670397 -0.677644
-0.677463 -0.680563
-0.67577 -0.679644
-0.672944 -0.678241
-0.716908 -0.720713
-0.674497 -0.67546
-0.659773 -0.663356
-0.67113 -0.672943
-0.673642 -0.675253
-0.672107 -0.67423
-0.644525 -0.650379
-0.696077 -0.700057
-0.668356 -0.672218
-0.646514 -0.650195
-0.679713 -0.680839
-0.666734 -0.669839
-0.669193 -0.671655
-0.681859 -0.685092
-0.674357 -0.675908
-0.645415 -0.651414
-0.69592 -0.699575
-0.669071 -0.672724
-0.647508 -0.652172
-0.6798 -0.680379
-0.676294 -0.678379
-0.733586 -0.733563
-0.711639 -0.712379
-0.658063 -0.663103
-0.68219 -0.682506
-0.665774 -0.667379
-0.662145 -0.664828
-0.654522 -0.656322
-0.711848 -0.711322
-0.669141 -0.670322
-0.643374 -0.649805
-0.686971 -0.689759
-0.690373 -0.694494
-0.647561 -0.651851
-0.67502 -0.676678
-0.685104 -0.687195
-0.647787 -0.652724
-0.674741 -0.675966
-0.661151 -0.663644
-0.651381 -0.655
-0.69285 -0.694471
-0.65508 -0.66092
-0.689675 -0.691149
-0.672491 -0.675425
-0.659127 -0.662851
-0.665163 -0.671805
-0.678719 -0.679368
-0.671723 -0.674149
-0.668862 -0.673
-0.652882 -0.658115
-0.651922 -0.658782
-0.672124 -0.681172
-0.707278 -0.70977
-0.654836 -0.658092
-0.655272 -0.660253
-0.60344 -0.603057
-0.627638 -0.627805
-0.612407 -0.608701
-0.618479 -0.617184
-0.617624 -0.614483
-0.620589 -0.615264
-0.625806 -0.623529
-0.644019 -0.641494
-0.626434 -0.625161
-0.659005 -0.660517
-0.642083 -0.639207
-0.626608 -0.623701
-0.650125 -0.649333
-0.654225 -0.650908
-0.635244 -0.632506
-0.649148 -0.648046
-0.646619 -0.644966
-0.638471 -0.634425
-0.640181 -0.63754
-0.67666 -0.672276
-0.637407 -0.633851
-0.668321 -0.666345
-0.615478 -0.615989
-0.663611 -0.661161
-0.670955 -0.66877
-0.618479 -0.61808
-0.632173 -0.635586
-0.635261 -0.636483
-0.618793 -0.621034
-0.611099 -0.611828
-0.618775 -0.617253
-0.624585 -0.626437
-0.640844 -0.642333
-0.616594 -0.618736
-0.656249 -0.661034
-0.643897 -0.645126
-0.65016 -0.65208
-0.65173 -0.654379
-0.656353 -0.656046
-0.641315 -0.643483
-0.642972 -0.645345
-0.638663 -0.641414
-0.630063 -0.628621
-0.637215 -0.638103
-0.62516 -0.625713
-0.634755 -0.634391
-0.640582 -0.641253
-0.617676 -0.623149
-0.657609 -0.659954
-0.670467 -0.672966
-0.620049 -0.623218
-0.643409 -0.645046
-0.620729 -0.623207
-0.611814 -0.612713
-0.618269 -0.617402
-0.626486 -0.62923
-0.643932 -0.64623
-0.619927 -0.622862
-0.659232 -0.665575
-0.646531 -0.647851
-0.644176 -0.645977
-0.654539 -0.658069
-0.658429 -0.66031
-0.66785 -0.670782
-0.645432 -0.648759
-0.642833 -0.645977
-0.630254 -0.630701
-0.639361 -0.641747
-0.633726 -0.635149
-0.634354 -0.634724
-0.649113 -0.650782
-0.619717 -0.62569
-0.660697 -0.663989
-0.673415 -0.676517
-0.622229 -0.626632
-0.627655 -0.626494
-0.617624 -0.615379
-0.626486 -0.621448
-0.634668 -0.634839
-0.650718 -0.64908
-0.626538 -0.626264
-0.665251 -0.66677
-0.650806 -0.649644
-0.647194 -0.644782
-0.661953 -0.662644
-0.665914 -0.663828
-0.659877 -0.660115
-0.649253 -0.648598
-0.645467 -0.645333
-0.634529 -0.63077
-0.646496 -0.64492
-0.634825 -0.632598
-0.640861 -0.638425
-0.648921 -0.646069
-0.627236 -0.629483
-0.666681 -0.666011
-0.679957 -0.679552
-0.629574 -0.630517
-0.664937 -0.669057
-0.677916 -0.679954
-0.654661 -0.657782
-0.673154 -0.673793
-0.656092 -0.660218
-0.691629 -0.694195
-0.683813 -0.682287
-0.647508 -0.648345
-0.699671 -0.696069
-0.684964 -0.684149
-0.647316 -0.646437
-0.681144 -0.681264
-0.682487 -0.683724
-0.669699 -0.670954
-0.707766 -0.705839
-0.657854 -0.659678
-0.695118 -0.69608
-0.657191 -0.656713
-0.647578 -0.652425
-0.70234 -0.701805
-0.711569 -0.706839
-0.650997 -0.654011
-0.685994 -0.68569
-0.645153 -0.64708
-0.664902 -0.665966
-0.659005 -0.661701
-0.682539 -0.686506
-0.673119 -0.673931
-0.636186 -0.634356
-0.678091 -0.679299
-0.673677 -0.673563
-0.638367 -0.635989
-0.672055 -0.674034
-0.677201 -0.681046
-0.709284 -0.706575
-0.698223 -0.69854
-0.670711 -0.670977
-0.729748 -0.730575
-0.664152 -0.661897
-0.640164 -0.644138
-0.698834 -0.699448
-0.698677 -0.69869
-0.644595 -0.646023
-0.648956 -0.649563
-0.667588 -0.667184
-0.653143 -0.652529
-0.682784 -0.683724
-0.676433 -0.673977
-0.645083 -0.64054
-0.68008 -0.678586
-0.677375 -0.674897
-0.645834 -0.642402
-0.673974 -0.673184
-0.677096 -0.677115
-0.694943 -0.691402
-0.687197 -0.686172
-0.659302 -0.656724
-0.699566 -0.699908
-0.663628 -0.659943
-0.641106 -0.641977
-0.693007 -0.69177
-0.697456 -0.695011
-0.643513 -0.642598
-0.699985 -0.701425
-0.670362 -0.671276
-0.702445 -0.70369
-0.68001 -0.679207
-0.650579 -0.649977
-0.688611 -0.691862
-0.70555 -0.703345
-0.654225 -0.653724
-0.689169 -0.688851
-0.682103 -0.682345
-0.658325 -0.656724
-0.676154 -0.678437
-0.666891 -0.666943
-0.668775 -0.669138
-0.663367 -0.66177
-0.654138 -0.65808
-0.704504 -0.704954
-0.708185 -0.709
-0.656266 -0.659023
-0.678248 -0.679379
-0.729207 -0.721356
-0.706562 -0.699839
-0.668687 -0.667
-0.703684 -0.702977
-0.722961 -0.714414
-0.670624 -0.670011
-0.726712 -0.719667
-0.71204 -0.707046
-0.676852 -0.67492
-0.693774 -0.693874
-0.685278 -0.684379
-0.687581 -0.688184
-0.678265 -0.677023
-0.669281 -0.672782
-0.728893 -0.722644
-0.724479 -0.719724
-0.671269 -0.672529
-0.697525 -0.699345
-0.6783 -0.67769
-0.643182 -0.641954
-0.687215 -0.691471
-0.687825 -0.686218
-0.645991 -0.645816
-0.684249 -0.684276
-0.681371 -0.682391
-0.666768 -0.665989
-0.679783 -0.685126
-0.674497 -0.674966
-0.678475 -0.681069
-0.662843 -0.662414
-0.654173 -0.658287
-0.706702 -0.705437
-0.707731 -0.709115
-0.660523 -0.663414
-0.719978 -0.713368
-0.683778 -0.685195
-0.727392 -0.72492
-0.736691 -0.732034
-0.685575 -0.687402
-0.738837 -0.728805
-0.729503 -0.723402
-0.691315 -0.69146
-0.715355 -0.715218
-0.703056 -0.704299
-0.706615 -0.706609
-0.694996 -0.697057
-0.6895 -0.695644
-0.757905 -0.751115
-0.747211 -0.743092
-0.691873 -0.696195
-0.670833 -0.669264
-0.710749 -0.708782
-0.712616 -0.705667
-0.671653 -0.670161
-0.72352 -0.714092
-0.727305 -0.721954
-0.681719 -0.680195
-0.703771 -0.700299
-0.68718 -0.684023
-0.696915 -0.694954
-0.678632 -0.677885
-0.672752 -0.676678
-0.729259 -0.72077
-0.729416 -0.726218
-0.676032 -0.677644
-0.679399 -0.679069
-0.684929 -0.681977
-0.663052 -0.662195
-0.670118 -0.668862
-0.66703 -0.666402
-0.653021 -0.649471
-0.665966 -0.664471
-0.65112 -0.649322
-0.660017 -0.656805
-0.661343 -0.658701
-0.644577 -0.646805
-0.685209 -0.684092
-0.697822 -0.696575
-0.646845 -0.647471
-0.718251 -0.715908
-0.680847 -0.680402
-0.708883 -0.707092
-0.708411 -0.707529
-0.684912 -0.683195
-0.730201 -0.723828
-0.692606 -0.692931
-0.704155 -0.702759
-0.690721 -0.689943
-0.687703 -0.692161
-0.735906 -0.73046
-0.765372 -0.754437
-0.691541 -0.694207
-0.68547 -0.682621
-0.717728 -0.710575
-0.711081 -0.707149
-0.686151 -0.683437
-0.706074 -0.704
-0.693321 -0.690736
-0.69667 -0.695414
-0.691611 -0.689195
-0.685767 -0.687782
-0.731876 -0.725575
-0.736778 -0.732425
-0.687895 -0.688448
-0.670275 -0.670471
-0.66635 -0.666218
-0.657749 -0.654
-0.665146 -0.664057
-0.659581 -0.65769
-0.660872 -0.658483
-0.669769 -0.667414
-0.646374 -0.649425
-0.686691 -0.686368
-0.699933 -0.699333
-0.648852 -0.650161
-0.744594 -0.73608
-0.685052 -0.68269
-0.70009 -0.698862
-0.695153 -0.694379
-0.695955 -0.694529
-0.682696 -0.68254
-0.671479 -0.675264
-0.739116 -0.729816
-0.729748 -0.72469
-0.673607 -0.675264
-0.687093 -0.686138
-0.704294 -0.703644
-0.691576 -0.691943
-0.701834 -0.702529
-0.681562 -0.681782
-0.668984 -0.674046
-0.737598 -0.731126
-0.726869 -0.72469
-0.671217 -0.674851
-0.691576 -0.688299
-0.670938 -0.668506
-0.729381 -0.727552
-0.69599 -0.692598
-0.649637 -0.650839
-0.704155 -0.701598
-0.704486 -0.70192
-0.653789 -0.652747
-0.682278 -0.681759
-0.730847 -0.728069
-0.681091 -0.679276
-0.672246 -0.676023
-0.732626 -0.728437
-0.745588 -0.739839
-0.676433 -0.678161
-0.68247 -0.682253
-0.680551 -0.678402
-0.656737 -0.659172
-0.71136 -0.710644
-0.714238 -0.713402
-0.660261 -0.661494
-0.685889 -0.684115
-0.662738 -0.665483
-0.722141 -0.720494
-0.722403 -0.719897
-0.666925 -0.667368
-0.655795 -0.659057
-0.701486 -0.700368
-0.7104 -0.70954
-0.659424 -0.660207
-0.692989 -0.696977
-0.70801 -0.712034
-0.679818 -0.686379
-0.764936 -0.755437
-0.695222 -0.69723
-0.71115 -0.713184
-0.676102 -0.677632
-0.661011 -0.66269
-0.628144 -0.629448
-0.63479 -0.636609
-0.644071 -0.642793
-0.633273 -0.635701
-0.638541 -0.639736
-0.632819 -0.634966
-0.632383 -0.63331
-0.634093 -0.635908
-0.677515 -0.676839
-0.628248 -0.632609
-0.639536 -0.638069
-0.672683 -0.674034
-0.650055 -0.651276
-0.648049 -0.650977
-0.667641 -0.665954
-0.638681 -0.640195
-0.691594 -0.692103
-0.655481 -0.656069
-0.698851 -0.698977
-0.636448 -0.641954
-0.652201 -0.653172
-0.644263 -0.646805
-0.639518 -0.64331
-0.684057 -0.683736
-0.651608 -0.65192
-0.656406 -0.65669
-0.664047 -0.661448
-0.657191 -0.659023
-0.663227 -0.663701
-0.656353 -0.659299
-0.657313 -0.658425
-0.657557 -0.659529
-0.68957 -0.687494
-0.653841 -0.657287
-0.664117 -0.661851
-0.707766 -0.708253
-0.673345 -0.673609
-0.673817 -0.675563
-0.686988 -0.684103
-0.663471 -0.664828
-0.7145 -0.713517
-0.676817 -0.676333
-0.717885 -0.716253
-0.661831 -0.665575
-0.678004 -0.677828
-0.669996 -0.671483
-0.664902 -0.667851
-0.63568 -0.632471
-0.639501 -0.637402
-0.648852 -0.644184
-0.641402 -0.641621
-0.646113 -0.644
-0.640321 -0.63923
-0.638873 -0.636655
-0.640164 -0.637943
-0.674549 -0.669402
-0.637006 -0.637839
-0.648398 -0.643322
-0.687616 -0.686391
-0.654731 -0.651172
-0.654504 -0.652644
-0.670641 -0.666448
-0.646427 -0.644345
-0.698049 -0.697195
-0.659703 -0.657621
-0.703492 -0.701448
-0.644124 -0.645575
-0.659319 -0.656747
-0.652149 -0.650862
-0.647299 -0.647575
-0.66874 -0.666345
-0.681999 -0.67731
-0.640321 -0.639782
-0.648381 -0.648069
-0.649776 -0.648034
-0.648782 -0.648862
-0.653841 -0.652379
-0.652672 -0.652782
-0.657906 -0.658621
-0.646933 -0.643184
-0.659145 -0.657724
-0.66457 -0.665034
-0.669403 -0.670115
-0.682923 -0.682264
-0.692623 -0.690552
-0.701677 -0.697793
-0.694908 -0.692011
-0.69592 -0.693885
-0.639413 -0.641115
-0.675927 -0.675069
-0.665198 -0.664402
-0.643321 -0.643805
-0.697787 -0.693345
-0.644176 -0.643287
-0.65412 -0.65123
-0.66396 -0.662989
-0.652428 -0.650184
-0.65665 -0.654552
-0.656109 -0.655667
-0.647386 -0.648011
-0.649148 -0.644
-0.664535 -0.663184
-0.669333 -0.667184
-0.678946 -0.677322
-0.72666 -0.723218
-0.693513 -0.690517
-0.718129 -0.715207
-0.737528 -0.732575
-0.709127 -0.707529
-0.647526 -0.649701
-0.686901 -0.682322
-0.665948 -0.664207
-0.651957 -0.65292
-0.649305 -0.64892
-0.657854 -0.655092
-0.658586 -0.656092
-0.651277 -0.648437
-0.659546 -0.65623
-0.666193 -0.662195
-0.650073 -0.649069
-0.654103 -0.647241
-0.671653 -0.669023
-0.67181 -0.668011
-0.678352 -0.675437
-0.716227 -0.710782
-0.682696 -0.678264
-0.710627 -0.705897
-0.710278 -0.705793
-0.709859 -0.706885
-0.650422 -0.649632
-0.679329 -0.675586
-0.664309 -0.661103
-0.653248 -0.651356
-0.682086 -0.684092
-0.662616 -0.661874
-0.66375 -0.662563
-0.646653 -0.647483
-0.655429 -0.655724
-0.6436 -0.646207
-0.674183 -0.671644
-0.665111 -0.665816
-0.672909 -0.675586
-0.668914 -0.669402
-0.670467 -0.669897
-0.654347 -0.654483
-0.706144 -0.704897
-0.664762 -0.663805
-0.698921 -0.700391
-0.644682 -0.647299
-0.678405 -0.678287
-0.660244 -0.660379
-0.647439 -0.649805
-0.659162 -0.660276
-0.687895 -0.686713
-0.668496 -0.667701
-0.662058 -0.661529
-0.653963 -0.654701
-0.685558 -0.684322
-0.67017 -0.669828
-0.70658 -0.708333
-0.691559 -0.692448
-0.677724 -0.675816
-0.663838 -0.663483
-0.713122 -0.709368
-0.673694 -0.672598
-0.703387 -0.701943
-0.648695 -0.650368
-0.699479 -0.698552
-0.671549 -0.670322
-0.651172 -0.651448
-0.661203 -0.658931
-0.653597 -0.650724
-0.65508 -0.654207
-0.652114 -0.652966
-0.657086 -0.651828
-0.663576 -0.664782
-0.670362 -0.671448
-0.673904 -0.672736
-0.683307 -0.682126
-0.66935 -0.668276
-0.710749 -0.713678
-0.68158 -0.680816
-0.702236 -0.703908
-0.652114 -0.654195
-0.685976 -0.683253
-0.669211 -0.668149
-0.659581 -0.660747
-0.665163 -0.663644
-0.655516 -0.65423
-0.667484 -0.671011
-0.690844 -0.689506
-0.663768 -0.663195
-0.701608 -0.700253
-0.691088 -0.69108
-0.67188 -0.669161
-0.669228 -0.669678
-0.712127 -0.707977
-0.670746 -0.669207
-0.699322 -0.698322
-0.645816 -0.647276
-0.724165 -0.723046
-0.691001 -0.692287
-0.648677 -0.649023
-0.656842 -0.656621
-0.654713 -0.655724
-0.660523 -0.65677
-0.665094 -0.664046
-0.695676 -0.694207
-0.705393 -0.704552
-0.677393 -0.675713
-0.668286 -0.66554
-0.709685 -0.705701
-0.676364 -0.67431
-0.698973 -0.698253
-0.645642 -0.64723
-0.689343 -0.687529
-0.6768 -0.67631
-0.64941 -0.649575
-0.651521 -0.653874
-0.664553 -0.660621
-0.693583 -0.690057
-0.671339 -0.671092
-0.672089 -0.673
-0.686552 -0.684345
-0.663035 -0.662954
-0.714552 -0.712241
-0.676346 -0.674828
-0.717797 -0.715805
-0.659441 -0.662092
-0.676102 -0.673747
-0.667222 -0.667126
-0.662477 -0.663954
-0.655551 -0.65446
-0.660052 -0.66146
-0.666803 -0.668448
-0.667309 -0.669253
-0.66635 -0.666299
-0.690181 -0.691138
-0.703945 -0.703989
-0.669438 -0.670943
-0.697316 -0.698724
-0.644054 -0.649563
-0.691803 -0.692529
-0.717291 -0.71777
-0.648799 -0.65331
-0.672037 -0.667701
-0.68308 -0.681931
-0.676922 -0.675655
-0.674671 -0.669828
-0.661761 -0.658276
-0.710488 -0.704069
-0.668548 -0.664034
-0.704591 -0.700759
-0.650038 -0.648977
-0.688785 -0.68592
-0.673171 -0.669621
-0.652794 -0.650793
-0.678858 -0.67854
-0.678911 -0.679299
-0.694594 -0.692046
-0.670275 -0.669161
-0.721862 -0.723138
-0.683656 -0.682667
-0.725282 -0.724195
-0.66853 -0.671195
-0.684458 -0.682184
-0.676765 -0.676046
-0.671636 -0.673034
-0.732173 -0.732126
-0.692379 -0.690874
-0.677864 -0.67723
-0.725683 -0.72431
-0.68943 -0.687149
-0.714622 -0.713552
-0.65972 -0.661747
-0.714483 -0.713609
-0.685924 -0.685839
-0.662337 -0.662989
-0.699375 -0.69708
-0.685418 -0.685046
-0.728806 -0.72523
-0.699218 -0.697632
-0.718373 -0.716701
-0.662041 -0.664529
-0.716524 -0.715287
-0.687163 -0.688184
-0.664832 -0.666483
-0.695659 -0.693839
-0.730568 -0.727586
-0.745187 -0.741276
-0.746199 -0.73823
-0.673747 -0.674379
-0.702061 -0.697851
-0.683272 -0.681138
-0.677969 -0.677023
-0.716471 -0.713782
-0.72331 -0.719747
-0.710749 -0.710034
-0.655568 -0.658115
-0.704608 -0.703425
-0.703753 -0.704736
-0.660523 -0.661586
-0.73062 -0.726874
-0.753125 -0.753782
-0.709423 -0.710069
-0.73533 -0.731724
-0.723485 -0.721402
-0.712947 -0.713264
-0.730131 -0.726276
-0.666437 -0.668034
-0.706335 -0.702517
-0.68636 -0.684977
-0.670973 -0.671299
-0.706178 -0.709379
-0.723432 -0.721379
-0.714343 -0.714483
-0.709807 -0.711632
-0.669647 -0.669874
-0.662547 -0.665368
-0.680516 -0.685828
-0.724113 -0.722586
-0.672229 -0.671092
-0.666385 -0.668126
-0.701503 -0.69954
-0.653632 -0.656253
-0.652009 -0.656678
-0.663454 -0.665851
-0.658168 -0.662322
-0.661971 -0.665621
-0.649898 -0.654046
-0.65508 -0.659793
-0.659965 -0.664874
-0.709109 -0.70592
-0.656667 -0.663874
-0.666559 -0.668437
-0.716454 -0.715391
-0.66853 -0.671943
-0.668687 -0.673782
-0.680917 -0.683149
-0.662494 -0.666379
-0.672316 -0.678195
-0.674479 -0.678414
-0.700299 -0.704977
-0.66532 -0.673448
-0.673572 -0.677379
-0.671496 -0.675655
-0.667902 -0.673655
-0.655673 -0.656529
-0.652655 -0.656471
-0.665809 -0.666563
-0.660697 -0.665057
-0.663384 -0.665
-0.651346 -0.654667
-0.655795 -0.657655
-0.661029 -0.663517
-0.707801 -0.705023
-0.659057 -0.664747
-0.669089 -0.668989
-0.710226 -0.70746
-0.668653 -0.669874
-0.667205 -0.670632
-0.679678 -0.681264
-0.664117 -0.66654
-0.670415 -0.673598
-0.675544 -0.679103
-0.696548 -0.700563
-0.667745 -0.674506
-0.674392 -0.676805
-0.673084 -0.675862
-0.670223 -0.674575
-0.659842 -0.662494
-0.67823 -0.679529
-0.636727 -0.639241
-0.644787 -0.646471
-0.636866 -0.639494
-0.643792 -0.646207
-0.651259 -0.655356
-0.673642 -0.67808
-0.656441 -0.661184
-0.645851 -0.645931
-0.662285 -0.665253
-0.656999 -0.661736
-0.660191 -0.665184
-0.673537 -0.675448
-0.68875 -0.690103
-0.649201 -0.650862
-0.690652 -0.690897
-0.666297 -0.66792
-0.637983 -0.64469
-0.668182 -0.672207
-0.662337 -0.665195
-0.641333 -0.64554
-0.692204 -0.693195
-0.634372 -0.636977
-0.64306 -0.644828
-0.64784 -0.650655
-0.640042 -0.641575
-0.648485 -0.651805
-0.669961 -0.674506
-0.638663 -0.643885
-0.640809 -0.639874
-0.659232 -0.665448
-0.656109 -0.658759
-0.663175 -0.66892
-0.716855 -0.719414
-0.684546 -0.684805
-0.669769 -0.672483
-0.729992 -0.73254
-0.679783 -0.681816
-0.639256 -0.646862
-0.673154 -0.674471
-0.655411 -0.658356
-0.643409 -0.64792
-0.644979 -0.647069
-0.65269 -0.652414
-0.646898 -0.647161
-0.644438 -0.644471
-0.65672 -0.657115
-0.682731 -0.684115
-0.64613 -0.64977
-0.651311 -0.648402
-0.672316 -0.67492
-0.662878 -0.664782
-0.667501 -0.670483
-0.708342 -0.708816
-0.677393 -0.676644
-0.664326 -0.663862
-0.706405 -0.70746
-0.68411 -0.684621
-0.647072 -0.651667
-0.670781 -0.67146
-0.658831 -0.659713
-0.64934 -0.651506
-0.67898 -0.683069
-0.649846 -0.652483
-0.657854 -0.659425
-0.644071 -0.648322
-0.676119 -0.679805
-0.64067 -0.646816
-0.671985 -0.674368
-0.667414 -0.672678
-0.667431 -0.670839
-0.658726 -0.662425
-0.659476 -0.661034
-0.647683 -0.650977
-0.65576 -0.657483
-0.658063 -0.659862
-0.669926 -0.672379
-0.642484 -0.649609
-0.67017 -0.673563
-0.655498 -0.659448
-0.644612 -0.649954
-0.646671 -0.649046
-0.680394 -0.683207
-0.665704 -0.668908
-0.679748 -0.682713
-0.649567 -0.653609
-0.68301 -0.684931
-0.669333 -0.674851
-0.703544 -0.706299
-0.682766 -0.686759
-0.665338 -0.666586
-0.656475 -0.658644
-0.662669 -0.663885
-0.666228 -0.668517
-0.672438 -0.674299
-0.645031 -0.651023
-0.691315 -0.694011
-0.665059 -0.667644
-0.64688 -0.650034
-0.646688 -0.64669
-0.641699 -0.642966
-0.667013 -0.669828
-0.639727 -0.644471
-0.645991 -0.644115
-0.657121 -0.662218
-0.656755 -0.658747
-0.655167 -0.658862
-0.666489 -0.668207
-0.653649 -0.656954
-0.660959 -0.663828
-0.668077 -0.670989
-0.667274 -0.670655
-0.64039 -0.64731
-0.669891 -0.671034
-0.655219 -0.658069
-0.64695 -0.651885
-0.660488 -0.663241
-0.673974 -0.676011
-0.662669 -0.669506
-0.68732 -0.689931
-0.662791 -0.667391
-0.692361 -0.695322
-0.679783 -0.683966
-0.657958 -0.658046
-0.661517 -0.664379
-0.658883 -0.658816
-0.66314 -0.663977
-0.66621 -0.66792
-0.641106 -0.646828
-0.714744 -0.719379
-0.68486 -0.689701
-0.643339 -0.64669
-0.678893 -0.682655
-0.65405 -0.658931
-0.660174 -0.660529
-0.66785 -0.672448
-0.689535 -0.693299
-0.69845 -0.702839
-0.667344 -0.668759
-0.664099 -0.665368
-0.659476 -0.660931
-0.671514 -0.674115
-0.670083 -0.672287
-0.645362 -0.651954
-0.682679 -0.686092
-0.674322 -0.678115
-0.648503 -0.652184
-0.674549 -0.681287
-0.685453 -0.686195
-0.714727 -0.714391
-0.686308 -0.689563
-0.686953 -0.690529
-0.697264 -0.698609
-0.682679 -0.685747
-0.686779 -0.689885
-0.694211 -0.696678
-0.711831 -0.713908
-0.68411 -0.691345
-0.691594 -0.693989
-0.689413 -0.692494
-0.686517 -0.691276
-0.654783 -0.658264
-0.663995 -0.671103
-0.658918 -0.664322
-0.657575 -0.664138
-0.655254 -0.658977
-0.685994 -0.69092
-0.650596 -0.655126
-0.665216 -0.66992
-0.66703 -0.672207
-0.644124 -0.654747
-0.683394 -0.689713
-0.716 -0.719943
-0.648311 -0.656471
-0.675526 -0.676977
-0.677742 -0.679598
-0.668967 -0.671276
-0.664867 -0.663425
-0.6574 -0.657506
-0.658848 -0.657828
-0.664361 -0.663149
-0.675456 -0.674931
-0.650143 -0.654575
-0.681807 -0.683931
-0.670729 -0.671793
-0.652271 -0.654368
-0.675299 -0.680667
-0.673991 -0.679701
-0.688733 -0.692402
-0.669996 -0.673724
-0.67919 -0.686598
-0.682365 -0.687667
-0.704905 -0.710644
-0.673345 -0.682356
-0.680795 -0.685161
-0.679172 -0.683736
-0.675962 -0.682264
-0.723589 -0.72846
-0.678527 -0.680494
-0.667292 -0.670184
-0.678719 -0.680391
-0.679242 -0.681552
-0.682417 -0.68508
-0.652568 -0.658908
-0.704783 -0.708931
-0.676852 -0.680402
-0.654626 -0.658264
-0.682348 -0.686264
-0.673136 -0.677149
-0.675317 -0.679402
-0.686622 -0.691644
-0.683063 -0.686874
-0.652271 -0.659966
-0.703439 -0.70769
-0.675893 -0.681115
-0.654434 -0.66031
-0.684458 -0.684241
-0.680742 -0.683184
-0.737511 -0.739793
-0.7186 -0.719069
-0.662895 -0.668207
-0.687337 -0.687218
-0.67099 -0.672138
-0.667048 -0.669241
-0.661901 -0.663609
-0.718356 -0.71746
-0.679242 -0.681195
-0.651416 -0.658218
-0.694769 -0.697782
-0.69838 -0.702701
-0.655673 -0.659759
-0.681667 -0.683161
-0.695065 -0.698368
-0.655621 -0.661667
-0.68233 -0.684425
-0.669019 -0.67192
-0.659214 -0.663253
-0.700753 -0.703851
-0.661831 -0.668069
-0.696461 -0.69777
-0.679486 -0.682138
-0.665948 -0.669448
-0.676416 -0.683874
-0.689518 -0.690724
-0.682731 -0.685828
-0.680114 -0.684425
-0.661343 -0.667793
-0.660732 -0.668552
-0.68076 -0.690598
-0.715076 -0.718874
-0.663367 -0.667172
-0.664152 -0.669333
-0.663227 -0.663276
-0.659476 -0.661747
-0.670711 -0.67046
-0.668286 -0.671874
-0.671252 -0.673011
-0.660854 -0.662448
-0.664745 -0.66677
-0.668862 -0.670816
-0.70904 -0.704782
-0.668042 -0.673241
-0.677061 -0.676356
-0.729748 -0.724713
-0.67666 -0.676529
-0.676713 -0.679126
-0.686325 -0.686632
-0.672089 -0.674345
-0.682295 -0.686
-0.682295 -0.683506
-0.709092 -0.709885
-0.676102 -0.680931
-0.683377 -0.68477
-0.681719 -0.683759
-0.678509 -0.682057
-0.660802 -0.662437
-0.677899 -0.67892
-0.637965 -0.640218
-0.647142 -0.649149
-0.639675 -0.642034
-0.645415 -0.648977
-0.65344 -0.656908
-0.667205 -0.669195
-0.658796 -0.663103
-0.647822 -0.648287
-0.688227 -0.690644
-0.659354 -0.66246
-0.664047 -0.668897
-0.673904 -0.676632
-0.690442 -0.692115
-0.656755 -0.658207
-0.689657 -0.690701
-0.673677 -0.675402
-0.639431 -0.645322
-0.670327 -0.674471
-0.664623 -0.667161
-0.64292 -0.647322
-0.69107 -0.691851
-0.634598 -0.636575
-0.644891 -0.64608
-0.64866 -0.651632
-0.64149 -0.643241
-0.649794 -0.651931
-0.663 -0.665069
-0.640425 -0.645023
-0.641769 -0.641034
-0.68486 -0.68877
-0.656824 -0.658839
-0.666158 -0.670655
-0.716908 -0.71977
-0.685645 -0.685713
-0.674776 -0.678172
-0.72987 -0.731885
-0.685592 -0.687138
-0.639553 -0.646069
-0.674985 -0.675678
-0.656755 -0.659218
-0.643845 -0.648184
-0.644403 -0.645011
-0.652533 -0.652885
-0.646706 -0.647494
-0.644525 -0.645356
-0.657295 -0.656828
-0.675805 -0.675506
-0.646671 -0.649989
-0.650631 -0.648276
-0.695955 -0.697046
-0.663419 -0.663621
-0.669193 -0.671345
-0.706754 -0.708575
-0.677061 -0.676586
-0.668112 -0.668632
-0.703248 -0.705057
-0.689814 -0.690126
-0.646287 -0.65023
-0.671182 -0.671839
-0.659023 -0.659793
-0.648625 -0.650989
-0.682068 -0.685126
-0.652411 -0.655552
-0.65979 -0.66277
-0.646287 -0.65008
-0.669438 -0.672276
-0.643339 -0.649632
-0.675108 -0.676011
-0.692972 -0.69777
-0.668705 -0.672644
-0.662895 -0.665655
-0.659668 -0.66146
-0.649619 -0.653241
-0.663558 -0.665494
-0.657383 -0.658862
-0.678178 -0.680713
-0.644386 -0.650724
-0.67284 -0.676356
-0.658098 -0.662034
-0.646653 -0.652034
-0.649933 -0.65331
-0.683935 -0.687517
-0.668339 -0.671724
-0.675439 -0.676885
-0.653353 -0.658034
-0.685854 -0.688552
-0.695798 -0.700632
-0.705515 -0.709713
-0.687703 -0.691506
-0.666786 -0.668621
-0.6589 -0.662793
-0.671723 -0.672954
-0.666524 -0.669264
-0.681807 -0.68346
-0.64791 -0.653701
-0.694472 -0.698092
-0.668426 -0.671563
-0.649898 -0.653724
-0.649986 -0.651276
-0.644717 -0.646425
-0.660924 -0.662989
-0.643548 -0.648897
-0.649358 -0.64792
-0.684528 -0.689609
-0.659528 -0.661885
-0.660209 -0.664069
-0.667135 -0.670701
-0.656388 -0.66069
-0.668513 -0.673218
-0.668687 -0.671644
-0.675491 -0.679908
-0.642955 -0.649575
-0.673502 -0.674793
-0.658551 -0.661943
-0.649654 -0.655391
-0.664064 -0.666747
-0.668443 -0.670138
-0.666071 -0.673977
-0.690687 -0.694057
-0.689989 -0.694598
-0.694926 -0.698414
-0.684615 -0.689448
-0.658883 -0.660586
-0.663907 -0.668713
-0.667484 -0.668621
-0.662983 -0.664954
-0.675544 -0.677908
-0.64388 -0.64992
-0.718565 -0.723
-0.688262 -0.693897
-0.646252 -0.650885
-0.672316 -0.675333
-0.657522 -0.662368
-0.662843 -0.663713
-0.69456 -0.698115
-0.691262 -0.695448
-0.702166 -0.705908
-0.667571 -0.671276
-0.666629 -0.668391
-0.667798 -0.669057
-0.671636 -0.673874
-0.678579 -0.681103
-0.647787 -0.653598
-0.685662 -0.68877
-0.677724 -0.681138
-0.651067 -0.654931
-0.669263 -0.674885
-0.680551 -0.680552
-0.727933 -0.726632
-0.680603 -0.681966
-0.68219 -0.685368
-0.691315 -0.691563
-0.675823 -0.678517
-0.685435 -0.688034
-0.685575 -0.686966
-0.711918 -0.71123
-0.677009 -0.682598
-0.686029 -0.687333
-0.68301 -0.68554
-0.679556 -0.683724
-0.657557 -0.662506
-0.692553 -0.698655
-0.662145 -0.667253
-0.663209 -0.668908
-0.656632 -0.66154
-0.688977 -0.694862
-0.65986 -0.664356
-0.665722 -0.670506
-0.676259 -0.681759
-0.647142 -0.657356
-0.687599 -0.693724
-0.718879 -0.723747
-0.651468 -0.660184
-0.702305 -0.702667
-0.679957 -0.682644
-0.67345 -0.676069
-0.665512 -0.665322
-0.65972 -0.661011
-0.667379 -0.666851
-0.663995 -0.663621
-0.684301 -0.683862
-0.652358 -0.656885
-0.685348 -0.687874
-0.673502 -0.675391
-0.654626 -0.657506
-0.700857 -0.705046
-0.701538 -0.706563
-0.711953 -0.713379
-0.697403 -0.701276
-0.707923 -0.715621
-0.707853 -0.710897
-0.730114 -0.734747
-0.701206 -0.708391
-0.708865 -0.712276
-0.707033 -0.711333
-0.703893 -0.709448
-0.72734 -0.731345
-0.678509 -0.681218
-0.669368 -0.672609
-0.686029 -0.688149
-0.67898 -0.680805
-0.69053 -0.693161
-0.654539 -0.660276
-0.706475 -0.710966
-0.679172 -0.683425
-0.656737 -0.660506
-0.684319 -0.689011
-0.677341 -0.681644
-0.684964 -0.689092
-0.688419 -0.693241
-0.693373 -0.696609
-0.65658 -0.663632
-0.708167 -0.712023
-0.681039 -0.685747
-0.658883 -0.664667
-0.684685 -0.686437
-0.684668 -0.689287
-0.737075 -0.739736
-0.724305 -0.724161
-0.662878 -0.668931
-0.688157 -0.689299
-0.671671 -0.674241
-0.667239 -0.670885
-0.670223 -0.672793
-0.718059 -0.717862
-0.688227 -0.690195
-0.653283 -0.660414
-0.697892 -0.701241
-0.701294 -0.705954
-0.657749 -0.662828
-0.685906 -0.688575
-0.705446 -0.710218
-0.663838 -0.669425
-0.691315 -0.693724
-0.678143 -0.681241
-0.667431 -0.672161
-0.70726 -0.709356
-0.660942 -0.666862
-0.696479 -0.698425
-0.679504 -0.682356
-0.665198 -0.669115
-0.684528 -0.691724
-0.698956 -0.699977
-0.692169 -0.695103
-0.688297 -0.693333
-0.6645 -0.670195
-0.663262 -0.670747
-0.682452 -0.692287
-0.718722 -0.722425
-0.666664 -0.670586
-0.666821 -0.672494
-0.665495 -0.664529
-0.684929 -0.681701
-0.645101 -0.645069
-0.652812 -0.650874
-0.644333 -0.644126
-0.650457 -0.649506
-0.657714 -0.657023
-0.668687 -0.668529
-0.665024 -0.665908
-0.654539 -0.651506
-0.678719 -0.679678
-0.662407 -0.661724
-0.666053 -0.667172
-0.677341 -0.675345
-0.696391 -0.694437
-0.656877 -0.655034
-0.696025 -0.693598
-0.672648 -0.669931
-0.645136 -0.648356
-0.675055 -0.675414
-0.669281 -0.668931
-0.64845 -0.649989
-0.697194 -0.694931
-0.640199 -0.640851
-0.647979 -0.647184
-0.653318 -0.653655
-0.644438 -0.642782
-0.651974 -0.651241
-0.663576 -0.663276
-0.644909 -0.647207
-0.64702 -0.64377
-0.67598 -0.67769
-0.658272 -0.656839
-0.666699 -0.668862
-0.719647 -0.719287
-0.68964 -0.687414
-0.675038 -0.675115
-0.734493 -0.735172
-0.683935 -0.682655
-0.644351 -0.648207
-0.677759 -0.676
-0.660226 -0.660368
-0.648468 -0.650276
-0.651643 -0.651034
-0.658237 -0.655598
-0.653074 -0.650759
-0.649741 -0.64646
-0.661256 -0.658069
-0.678649 -0.674448
-0.653353 -0.653736
-0.658499 -0.652943
-0.687738 -0.687989
-0.666577 -0.663322
-0.671863 -0.671391
-0.711063 -0.708782
-0.683464 -0.679943
-0.669734 -0.666862
-0.710069 -0.709126
-0.689518 -0.686931
-0.652794 -0.653931
-0.675945 -0.67354
-0.664413 -0.662552
-0.654958 -0.654736
-0.688506 -0.68931
-0.659232 -0.660241
-0.665809 -0.665345
-0.650701 -0.652287
-0.6712 -0.672414
-0.650753 -0.654943
-0.681964 -0.682149
-0.685209 -0.689218
-0.672316 -0.673954
-0.664832 -0.666299
-0.663733 -0.663
-0.655778 -0.657885
-0.664588 -0.664736
-0.66375 -0.66408
-0.677149 -0.67692
-0.651067 -0.656126
-0.678335 -0.679529
-0.664152 -0.666264
-0.653161 -0.657391
-0.65501 -0.655103
-0.687721 -0.687839
-0.671845 -0.672046
-0.676015 -0.674172
-0.658464 -0.660264
-0.691803 -0.691011
-0.687407 -0.689506
-0.709336 -0.709
-0.688802 -0.69008
-0.668478 -0.667586
-0.663524 -0.663851
-0.670659 -0.669621
-0.671147 -0.671264
-0.678684 -0.677736
-0.652777 -0.655931
-0.698921 -0.699011
-0.673433 -0.672851
-0.654591 -0.655908
-0.653876 -0.651598
-0.64784 -0.646425
-0.662651 -0.661471
-0.648625 -0.651816
-0.655341 -0.651713
-0.676381 -0.678713
-0.662198 -0.660759
-0.661343 -0.662046
-0.670258 -0.669299
-0.661465 -0.662759
-0.668949 -0.669977
-0.673136 -0.674333
-0.674148 -0.674552
-0.648346 -0.652586
-0.677218 -0.675943
-0.662895 -0.663828
-0.65501 -0.658218
-0.665547 -0.664954
-0.668391 -0.666506
-0.671392 -0.675103
-0.695938 -0.69546
-0.679923 -0.681908
-0.696932 -0.695862
-0.685017 -0.685586
-0.660505 -0.656885
-0.667902 -0.668575
-0.666071 -0.662943
-0.666838 -0.665253
-0.672142 -0.670115
-0.648119 -0.650402
-0.722037 -0.722862
-0.692222 -0.693529
-0.650317 -0.651322
-0.672403 -0.672621
-0.661029 -0.662989
-0.667048 -0.665023
-0.684214 -0.685747
-0.693338 -0.692713
-0.703335 -0.704115
-0.669333 -0.667805
-0.669228 -0.668391
-0.665687 -0.663701
-0.675003 -0.674218
-0.67434 -0.67331
-0.65098 -0.653943
-0.688157 -0.687897
-0.68008 -0.680724
-0.654085 -0.655322
-0.670816 -0.673805
-0.68301 -0.679471
-0.719612 -0.71592
-0.679678 -0.677621
-0.6798 -0.679621
-0.690285 -0.68708
-0.676887 -0.676954
-0.682417 -0.681437
-0.686918 -0.685885
-0.706981 -0.704816
-0.679015 -0.681747
-0.68622 -0.684483
-0.6839 -0.683609
-0.681388 -0.682598
-0.664762 -0.666598
-0.683185 -0.688195
-0.664849 -0.666471
-0.664727 -0.66769
-0.659441 -0.660851
-0.694786 -0.697046
-0.659912 -0.661736
-0.670903 -0.673908
-0.674881 -0.676931
-0.653335 -0.660851
-0.692606 -0.695172
-0.724863 -0.725931
-0.657487 -0.663632
-0.693984 -0.693034
-0.683569 -0.682552
-0.675736 -0.676
-0.669228 -0.665368
-0.666018 -0.664299
-0.668687 -0.66423
-0.670013 -0.667437
-0.683272 -0.679954
-0.659459 -0.660655
-0.691193 -0.68992
-0.679835 -0.678356
-0.661552 -0.661506
-0.690268 -0.691782
-0.69053 -0.692632
-0.703213 -0.702828
-0.687965 -0.689828
-0.697054 -0.701851
-0.697927 -0.700529
-0.721164 -0.722678
-0.692012 -0.697747
-0.697996 -0.7
-0.697002 -0.699517
-0.694455 -0.698759
-0.727776 -0.728931
-0.67912 -0.677218
-0.671374 -0.671253
-0.683394 -0.681805
-0.681615 -0.680207
-0.685767 -0.684655
-0.656789 -0.659402
-0.708656 -0.708874
-0.681214 -0.681287
-0.658813 -0.65954
-0.684301 -0.684713
-0.678509 -0.679713
-0.681074 -0.682218
-0.690146 -0.692483
-0.688122 -0.687759
-0.657714 -0.662
-0.708534 -0.709494
-0.681545 -0.683264
-0.659842 -0.662897
-0.687006 -0.685356
-0.683743 -0.683632
-0.739744 -0.740379
-0.723275 -0.720391
-0.665512 -0.668057
-0.689186 -0.687069
-0.673398 -0.672471
-0.669699 -0.670103
-0.669856 -0.668954
-0.72331 -0.721195
-0.685802 -0.684609
-0.658778 -0.663057
-0.701643 -0.702023
-0.705672 -0.707747
-0.66307 -0.665609
-0.686098 -0.686
-0.701311 -0.70208
-0.663715 -0.666345
-0.689936 -0.689103
-0.677114 -0.67731
-0.667414 -0.668989
-0.705672 -0.705402
-0.666437 -0.670264
-0.700369 -0.700195
-0.683953 -0.68477
-0.670519 -0.672517
-0.682836 -0.686529
-0.69531 -0.693471
-0.68943 -0.689057
-0.6865 -0.68823
-0.668565 -0.671552
-0.668443 -0.673115
-0.688785 -0.695828
-0.722647 -0.723069
-0.670554 -0.672034
-0.671828 -0.674816
-0.739971 -0.734724
-0.68308 -0.686092
-0.692187 -0.693322
-0.696688 -0.700805
-0.693774 -0.696092
-0.699706 -0.703011
-0.687128 -0.687851
-0.705376 -0.708954
-0.689587 -0.690621
-0.687354 -0.686264
-0.708307 -0.706931
-0.717256 -0.716494
-0.754538 -0.744667
-0.746653 -0.742218
-0.717396 -0.716448
-0.77242 -0.766069
-0.713558 -0.711138
-0.68807 -0.694552
-0.727933 -0.726138
-0.715006 -0.716575
-0.692361 -0.697126
-0.698991 -0.70023
-0.70733 -0.70477
-0.703073 -0.704115
-0.706266 -0.704276
-0.714221 -0.712322
-0.70555 -0.704678
-0.716123 -0.719391
-0.705742 -0.703885
-0.705882 -0.704241
-0.720798 -0.717
-0.727166 -0.723207
-0.751747 -0.741563
-0.745082 -0.743299
-0.71921 -0.71477
-0.757486 -0.752621
-0.725142 -0.721115
-0.701677 -0.705425
-0.732748 -0.73131
-0.724427 -0.72446
-0.704364 -0.70692
-0.700578 -0.705862
-0.680795 -0.683966
-0.687407 -0.690816
-0.679766 -0.682057
-0.66457 -0.666391
-0.68711 -0.690322
-0.693513 -0.695782
-0.665634 -0.66577
-0.696356 -0.701126
-0.695327 -0.699057
-0.691332 -0.692356
-0.717571 -0.718552
-0.680952 -0.681954
-0.712529 -0.713851
-0.678405 -0.677977
-0.663838 -0.668655
-0.708865 -0.711943
-0.693635 -0.694954
-0.666873 -0.670517
-0.679992 -0.683402
-0.711621 -0.711126
-0.702654 -0.699034
-0.673921 -0.675161
-0.697613 -0.698241
-0.707888 -0.707701
-0.672857 -0.673483
-0.73226 -0.729943
-0.719577 -0.717529
-0.699706 -0.698529
-0.725386 -0.723345
-0.689954 -0.69008
-0.720275 -0.719862
-0.684406 -0.683782
-0.670292 -0.674782
-0.729242 -0.727724
-0.705219 -0.704184
-0.673049 -0.675264
-0.687407 -0.686517
-0.683185 -0.685368
-0.664954 -0.666092
-0.692588 -0.697103
-0.679242 -0.67769
-0.66539 -0.665862
-0.697124 -0.697011
-0.699514 -0.701908
-0.700578 -0.702356
-0.721443 -0.726437
-0.695711 -0.695908
-0.720589 -0.72477
-0.68622 -0.685149
-0.671723 -0.677322
-0.715634 -0.716241
-0.700753 -0.702425
-0.67926 -0.683
-0.704556 -0.700126
-0.672962 -0.674069
-0.713296 -0.714644
-0.715686 -0.717437
-0.671409 -0.672782
-0.729032 -0.724989
-0.72406 -0.719747
-0.698188 -0.697805
-0.733289 -0.731149
-0.693844 -0.691356
-0.723467 -0.721851
-0.685086 -0.684805
-0.673764 -0.678402
-0.755881 -0.752172
-0.728439 -0.725552
-0.676904 -0.679598
-0.681022 -0.682736
-0.707888 -0.708391
-0.696705 -0.693184
-0.680167 -0.679908
-0.728369 -0.723931
-0.738889 -0.735356
-0.706806 -0.706632
-0.731126 -0.73177
-0.697299 -0.69508
-0.729817 -0.72831
-0.690704 -0.69069
-0.679766 -0.685
-0.729329 -0.725874
-0.720693 -0.718241
-0.683813 -0.686793
-0.68547 -0.688747
-0.676137 -0.675471
-0.686709 -0.687391
-0.685575 -0.68877
-0.690687 -0.693368
-0.698345 -0.699172
-0.718722 -0.718471
-0.67666 -0.677759
-0.717902 -0.716276
-0.689745 -0.688379
-0.667013 -0.672138
-0.697351 -0.699402
-0.691123 -0.692184
-0.670258 -0.673632
-0.700526 -0.700368
-0.684197 -0.686632
-0.712337 -0.711529
-0.71532 -0.71723
-0.709231 -0.711494
-0.753648 -0.75431
-0.69749 -0.701069
-0.735871 -0.736874
-0.698049 -0.700057
-0.689064 -0.696598
-0.739605 -0.738253
-0.75951 -0.757149
-0.69353 -0.699655
-0.674933 -0.672161
-0.708551 -0.708161
-0.706335 -0.706644
-0.69756 -0.696747
-0.72673 -0.723908
-0.685017 -0.68292
-0.719455 -0.718356
-0.684214 -0.681609
-0.671845 -0.674655
-0.720641 -0.721092
-0.706911 -0.705897
-0.67495 -0.675966
-0.684336 -0.68546
-0.688401 -0.689874
-0.701049 -0.699655
-0.716576 -0.715759
-0.682819 -0.682402
-0.716803 -0.71469
-0.694542 -0.693322
-0.665809 -0.670483
-0.69667 -0.697862
-0.690373 -0.690897
-0.669263 -0.671954
-0.762214 -0.75431
-0.716384 -0.713402
-0.739831 -0.735529
-0.711168 -0.709805
-0.737127 -0.732529
-0.700526 -0.700034
-0.684179 -0.689471
-0.748502 -0.741632
-0.722665 -0.718966
-0.687145 -0.690115
-0.724601 -0.721011
-0.744699 -0.741299
-0.713698 -0.714379
-0.745414 -0.741333
-0.706824 -0.707023
-0.689954 -0.696644
-0.750927 -0.744575
-0.726799 -0.724966
-0.692675 -0.698138
-0.74653 -0.73954
-0.714797 -0.711609
-0.775996 -0.767943
-0.737895 -0.736575
-0.692902 -0.697874
-0.731614 -0.727207
-0.716663 -0.717299
-0.697403 -0.700379
-0.733638 -0.731092
-0.777566 -0.769908
-0.734127 -0.731874
-0.722037 -0.727218
-0.764447 -0.75931
-0.76436 -0.764483
-0.725875 -0.729724
-0.736866 -0.733287
-0.707626 -0.705161
-0.678963 -0.682414
-0.723711 -0.722299
-0.709005 -0.708943
-0.683464 -0.685655
-0.741471 -0.738874
-0.717937 -0.722471
-0.755114 -0.75146
-0.744768 -0.743483
-0.722054 -0.72477
-0.680394 -0.684414
-0.714954 -0.714368
-0.705236 -0.70508
-0.68472 -0.686345
-0.701957 -0.707184
-0.69681 -0.702034
-0.698729 -0.706333
-0.762633 -0.756563
-0.704678 -0.70808
-0.700648 -0.704379
-0.709127 -0.710977
-0.716908 -0.715448
-0.718652 -0.722632
-0.714727 -0.713437
-0.722333 -0.720448
-0.717501 -0.714943
-0.716419 -0.719747
-0.714657 -0.711345
-0.719298 -0.716989
-0.728143 -0.725563
-0.735243 -0.735172
-0.776293 -0.761069
-0.75323 -0.746322
-0.744734 -0.738046
-0.784684 -0.772701
-0.743512 -0.738046
-0.716628 -0.721115
-0.743861 -0.742356
-0.732713 -0.732241
-0.720327 -0.722356
-0.696897 -0.702356
-0.688768 -0.691195
-0.683377 -0.684138
-0.674061 -0.676368
-0.658098 -0.658609
-0.667449 -0.670977
-0.687215 -0.688598
-0.662233 -0.661759
-0.692117 -0.695782
-0.69531 -0.69946
-0.734092 -0.73331
-0.71197 -0.710977
-0.697054 -0.698402
-0.752218 -0.752667
-0.690146 -0.688816
-0.662041 -0.667034
-0.709859 -0.711885
-0.683918 -0.686391
-0.666088 -0.668966
-0.687267 -0.689874
-0.707103 -0.707874
-0.695973 -0.695575
-0.668356 -0.668138
-0.678858 -0.68269
-0.701032 -0.702195
-0.670292 -0.670414
-0.726346 -0.727471
-0.717675 -0.719609
-0.740512 -0.737023
-0.721252 -0.718276
-0.706615 -0.706184
-0.758219 -0.757
-0.696705 -0.69469
-0.668565 -0.673736
-0.729678 -0.730172
-0.696897 -0.697713
-0.672543 -0.674333
-0.691053 -0.692069
-0.688297 -0.691448
-0.672089 -0.671966
-0.68793 -0.69169
-0.68397 -0.681448
-0.675108 -0.675322
-0.70077 -0.702057
-0.707452 -0.711414
-0.744524 -0.745333
-0.728683 -0.728517
-0.721723 -0.719161
-0.763209 -0.765425
-0.707452 -0.705966
-0.683673 -0.689356
-0.723537 -0.724736
-0.70569 -0.707241
-0.692222 -0.695609
-0.696618 -0.694414
-0.665722 -0.664425
-0.695449 -0.699644
-0.7089 -0.711057
-0.667379 -0.66631
-0.725142 -0.721506
-0.722508 -0.72123
-0.738366 -0.736069
-0.726084 -0.725437
-0.7089 -0.705391
-0.756387 -0.757701
-0.695641 -0.693874
-0.670292 -0.674184
-0.756527 -0.753195
-0.719838 -0.719586
-0.674375 -0.675862
-0.673712 -0.67408
-0.688785 -0.69208
-0.687756 -0.685586
-0.675579 -0.674333
-0.721409 -0.720379
-0.735592 -0.735713
-0.745728 -0.741333
-0.727619 -0.725299
-0.712075 -0.709138
-0.761481 -0.761057
-0.701259 -0.699874
-0.676084 -0.681908
-0.727462 -0.726966
-0.711046 -0.712161
-0.681214 -0.683816
-0.663785 -0.66708
-0.667187 -0.664908
-0.681562 -0.681931
-0.680219 -0.680598
-0.69053 -0.692138
-0.740267 -0.73877
-0.710819 -0.708897
-0.69346 -0.694828
-0.753962 -0.754241
-0.698904 -0.698092
-0.664029 -0.668747
-0.698206 -0.696609
-0.68001 -0.680563
-0.668077 -0.670494
-0.678736 -0.68008
-0.665373 -0.667402
-0.692955 -0.696483
-0.702462 -0.707517
-0.740058 -0.739851
-0.744629 -0.748253
-0.700683 -0.70469
-0.762022 -0.765023
-0.695414 -0.696828
-0.671426 -0.680034
-0.730829 -0.730609
-0.744768 -0.745506
-0.677463 -0.683437
-0.668496 -0.66477
-0.701974 -0.701828
-0.703771 -0.705414
-0.73875 -0.735241
-0.718024 -0.715345
-0.700038 -0.697
-0.756108 -0.754345
-0.694246 -0.689851
-0.667152 -0.669471
-0.720554 -0.719126
-0.696112 -0.695425
-0.67113 -0.670989
-0.681562 -0.681011
-0.689849 -0.69177
-0.744507 -0.742425
-0.711046 -0.708759
-0.700875 -0.701448
-0.756911 -0.75569
-0.70719 -0.705517
-0.666036 -0.670494
-0.700038 -0.698379
-0.682539 -0.682678
-0.670223 -0.672264
-0.757312 -0.755563
-0.752584 -0.747759
-0.734161 -0.729402
-0.727549 -0.72177
-0.768721 -0.76677
-0.710522 -0.709011
-0.681824 -0.687276
-0.74824 -0.742149
-0.713645 -0.713414
-0.685802 -0.688356
-0.759231 -0.755598
-0.744856 -0.74
-0.733254 -0.730069
-0.775996 -0.775299
-0.721252 -0.721471
-0.692728 -0.701253
-0.752584 -0.749736
-0.723118 -0.725023
-0.696601 -0.703092
-0.771949 -0.764908
-0.770431 -0.761598
-0.806021 -0.794874
-0.774304 -0.774471
-0.742501 -0.746345
-0.768093 -0.765471
-0.757504 -0.755103
-0.74599 -0.748138
-0.746496 -0.741425
-0.795169 -0.789874
-0.737249 -0.736874
-0.71839 -0.722701
-0.763732 -0.758471
-0.76047 -0.761805
-0.72324 -0.725966
-0.788522 -0.779161
-0.73622 -0.732575
-0.701625 -0.70569
-0.745257 -0.738678
-0.721932 -0.722379
-0.706021 -0.709046
-0.780114 -0.779598
-0.762581 -0.768023
-0.787127 -0.786575
-0.778491 -0.779103
-0.766035 -0.769977
-0.69681 -0.700977
-0.729416 -0.728908
-0.712616 -0.71277
-0.700543 -0.703161
-0.706789 -0.71046
-0.690163 -0.696391
-0.701782 -0.709448
-0.763592 -0.757816
-0.710522 -0.711609
-0.694734 -0.698759
-0.703352 -0.704793
-0.684301 -0.686092
-0.68397 -0.683862
-0.679329 -0.679287
-0.671112 -0.669506
-0.67202 -0.674287
-0.693356 -0.692437
-0.67284 -0.672379
-0.698223 -0.698264
-0.697299 -0.69854
-0.722473 -0.721517
-0.701852 -0.700655
-0.688855 -0.688448
-0.723572 -0.725287
-0.691925 -0.691483
-0.666123 -0.669632
-0.705149 -0.706299
-0.684162 -0.68554
-0.668356 -0.670483
-0.682731 -0.683414
-0.707975 -0.706103
-0.700683 -0.697276
-0.679137 -0.676805
-0.682592 -0.683172
-0.707033 -0.704908
-0.679434 -0.678667
-0.731893 -0.728598
-0.720781 -0.718161
-0.728335 -0.723874
-0.711482 -0.707241
-0.697299 -0.695011
-0.730829 -0.72923
-0.697578 -0.695402
-0.67174 -0.674149
-0.725596 -0.723736
-0.696444 -0.695414
-0.673764 -0.673851
-0.684005 -0.681241
-0.682784 -0.683218
-0.672369 -0.669414
-0.680533 -0.682011
-0.679748 -0.674506
-0.673677 -0.672724
-0.696165 -0.694402
-0.699566 -0.701322
-0.726869 -0.727724
-0.710365 -0.71031
-0.70316 -0.701322
-0.730829 -0.73508
-0.699427 -0.697253
-0.675299 -0.678184
-0.710906 -0.711126
-0.694385 -0.693908
-0.681964 -0.683448
-0.696723 -0.692575
-0.67106 -0.668126
-0.694368 -0.696678
-0.710924 -0.709172
-0.671357 -0.670379
-0.724898 -0.720563
-0.72024 -0.715322
-0.723328 -0.718736
-0.714291 -0.711598
-0.694908 -0.689897
-0.728858 -0.727218
-0.691629 -0.688977
-0.667815 -0.669356
-0.749444 -0.746253
-0.714779 -0.713931
-0.670153 -0.669908
-0.683726 -0.680241
-0.691332 -0.692402
-0.693338 -0.687172
-0.683953 -0.681
-0.725282 -0.719644
-0.737302 -0.733506
-0.731597 -0.728115
-0.717431 -0.715069
-0.701991 -0.696701
-0.735557 -0.735287
-0.701224 -0.698724
-0.678004 -0.680368
-0.722612 -0.720736
-0.710383 -0.70869
-0.681318 -0.681287
-0.673031 -0.673724
-0.678841 -0.673322
-0.69531 -0.693402
-0.688349 -0.687287
-0.695728 -0.694322
-0.731998 -0.728149
-0.704957 -0.701126
-0.689169 -0.686828
-0.731527 -0.728908
-0.705987 -0.702713
-0.673485 -0.674586
-0.697124 -0.694632
-0.685069 -0.683
-0.675648 -0.675253
-0.682993 -0.681782
-0.672979 -0.67423
-0.696269 -0.695862
-0.701381 -0.703172
-0.72481 -0.724448
-0.734441 -0.736667
-0.689413 -0.689747
-0.732818 -0.736103
-0.694403 -0.69492
-0.672299 -0.677966
-0.723956 -0.723391
-0.743826 -0.743069
-0.676451 -0.680379
-0.6783 -0.673506
-0.70658 -0.703345
-0.705376 -0.703345
-0.72584 -0.721885
-0.70794 -0.703782
-0.690966 -0.685069
-0.728265 -0.72623
-0.695781 -0.69031
-0.670572 -0.670414
-0.71546 -0.713034
-0.695903 -0.693333
-0.672805 -0.670713
-0.689308 -0.687747
-0.694594 -0.694
-0.735644 -0.731805
-0.704172 -0.70154
-0.695292 -0.693816
-0.731231 -0.730494
-0.711656 -0.708759
-0.673851 -0.676471
-0.697525 -0.696172
-0.685889 -0.684977
-0.676154 -0.676977
-0.760417 -0.753517
-0.739639 -0.73392
-0.722508 -0.718276
-0.716628 -0.711149
-0.742378 -0.739598
-0.709999 -0.707793
-0.683534 -0.685483
-0.742762 -0.736908
-0.712354 -0.709782
-0.685627 -0.685483
-0.746356 -0.741391
-0.732016 -0.726713
-0.720868 -0.716644
-0.748955 -0.748862
-0.717658 -0.716437
-0.69025 -0.695276
-0.744803 -0.741138
-0.718199 -0.717483
-0.692518 -0.695759
-0.756178 -0.745299
-0.748275 -0.739506
-0.792029 -0.777149
-0.767151 -0.761736
-0.726974 -0.728805
-0.751311 -0.746598
-0.739744 -0.736184
-0.730184 -0.730161
-0.72256 -0.71708
-0.77249 -0.768471
-0.728108 -0.723034
-0.703945 -0.706586
-0.74845 -0.744839
-0.74742 -0.748816
-0.707888 -0.708586
-0.751503 -0.744425
-0.724322 -0.719195
-0.688541 -0.689207
-0.725334 -0.720356
-0.706475 -0.704471
-0.69196 -0.691437
-0.756283 -0.752471
-0.72912 -0.733655
-0.757992 -0.757448
-0.746984 -0.747632
-0.732434 -0.73531
-0.695798 -0.698034
-0.721496 -0.719115
-0.707836 -0.706471
-0.698834 -0.699046
-0.697124 -0.699724
-0.686569 -0.689793
-0.700561 -0.705448
-0.752671 -0.749747
-0.699322 -0.699609
-0.689884 -0.691172
-0.715268 -0.718667
-0.731719 -0.737195
-0.717344 -0.721678
-0.706649 -0.706425
-0.711534 -0.716862
-0.742152 -0.741402
-0.709493 -0.709805
-0.744472 -0.753184
-0.731754 -0.738931
-0.714849 -0.716598
-0.716663 -0.722356
-0.719437 -0.725736
-0.72024 -0.725218
-0.718704 -0.720632
-0.706998 -0.71246
-0.741872 -0.750437
-0.7257 -0.730138
-0.708952 -0.712667
-0.70555 -0.703874
-0.686709 -0.687943
-0.675282 -0.675448
-0.689204 -0.692391
-0.7089 -0.708471
-0.680184 -0.680782
-0.710313 -0.712092
-0.705899 -0.708253
-0.700857 -0.70192
-0.700857 -0.704506
-0.707539 -0.709747
-0.708551 -0.711805
-0.698537 -0.698851
-0.685261 -0.690425
-0.723031 -0.725138
-0.703928 -0.706839
-0.691925 -0.695598
-0.701904 -0.703621
-0.683883 -0.682966
-0.710296 -0.714943
-0.736307 -0.735161
-0.687145 -0.686598
-0.735627 -0.734368
-0.725247 -0.724805
-0.695502 -0.69346
-0.708202 -0.712253
-0.706126 -0.706115
-0.705882 -0.705345
-0.698345 -0.697678
-0.687686 -0.691506
-0.758568 -0.758126
-0.730951 -0.733782
-0.689884 -0.692149
-0.670345 -0.672161
-0.686011 -0.688989
-0.707661 -0.707345
-0.6727 -0.673931
-0.724322 -0.727218
-0.728806 -0.731195
-0.68629 -0.687644
-0.694978 -0.696621
-0.690285 -0.692345
-0.696984 -0.698264
-0.682714 -0.684092
-0.671392 -0.677023
-0.719001 -0.722103
-0.705167 -0.70769
-0.674357 -0.67831
-0.667117 -0.670977
-0.699409 -0.699402
-0.688977 -0.690264
-0.692169 -0.693506
-0.686011 -0.687023
-0.682051 -0.68131
-0.674793 -0.676678
-0.680708 -0.680839
-0.682382 -0.681839
-0.690093 -0.689437
-0.667955 -0.672736
-0.69606 -0.697218
-0.680934 -0.682851
-0.669978 -0.673586
-0.707086 -0.710598
-0.67031 -0.673414
-0.703335 -0.706885
-0.698118 -0.70146
-0.677061 -0.679977
-0.718478 -0.72277
-0.686779 -0.689713
-0.693966 -0.696782
-0.68322 -0.685253
-0.673712 -0.681793
-0.728021 -0.731609
-0.748101 -0.749563
-0.677515 -0.684437
-0.702742 -0.701011
-0.72673 -0.728023
-0.718757 -0.720851
-0.704992 -0.703943
-0.709109 -0.71177
-0.711185 -0.710874
-0.71122 -0.710862
-0.710453 -0.709563
-0.699235 -0.703805
-0.734353 -0.736839
-0.721775 -0.723782
-0.701398 -0.704379
-0.694001 -0.695851
-0.687843 -0.688264
-0.687407 -0.68708
-0.676625 -0.677782
-0.690076 -0.689897
-0.685331 -0.684483
-0.699287 -0.699023
-0.671985 -0.67646
-0.699497 -0.700598
-0.685348 -0.686851
-0.674218 -0.677931
-0.757469 -0.759621
-0.710069 -0.710092
-0.709371 -0.713897
-0.715494 -0.721414
-0.715355 -0.718299
-0.708551 -0.710356
-0.693077 -0.698644
-0.741279 -0.747379
-0.718687 -0.722713
-0.694961 -0.698966
-0.709109 -0.709977
-0.71218 -0.714425
-0.71136 -0.716287
-0.718792 -0.722322
-0.704556 -0.705299
-0.687581 -0.693034
-0.740599 -0.745632
-0.714762 -0.71823
-0.68971 -0.694161
-0.705463 -0.705011
-0.703282 -0.702874
-0.754015 -0.754011
-0.726171 -0.72554
-0.678073 -0.681506
-0.717902 -0.718448
-0.693146 -0.693713
-0.68219 -0.68346
-0.69777 -0.698977
-0.743861 -0.742621
-0.695397 -0.695437
-0.6809 -0.686828
-0.737197 -0.740276
-0.731283 -0.734897
-0.684912 -0.689149
-0.709894 -0.709908
-0.711639 -0.712356
-0.685383 -0.689241
-0.724339 -0.727402
-0.705201 -0.706713
-0.688663 -0.691701
-0.713104 -0.711494
-0.68479 -0.688563
-0.733062 -0.734862
-0.708167 -0.709759
-0.688593 -0.690908
-0.684441 -0.688713
-0.716419 -0.716805
-0.698432 -0.699402
-0.687825 -0.690276
-0.703178 -0.708379
-0.690181 -0.696172
-0.702358 -0.710448
-0.75705 -0.75831
-0.705236 -0.708816
-0.693356 -0.697828
-0.716925 -0.717195
-0.697665 -0.698299
-0.673188 -0.673276
-0.68868 -0.692448
-0.713366 -0.711241
-0.675962 -0.677598
-0.731911 -0.734701
-0.717379 -0.720195
-0.697438 -0.699678
-0.700229 -0.703874
-0.705236 -0.706839
-0.707016 -0.71092
-0.692885 -0.693851
-0.680062 -0.685057
-0.731754 -0.734253
-0.704696 -0.706644
-0.686308 -0.68954
-0.733341 -0.726897
-0.708202 -0.707736
-0.733115 -0.732655
-0.758673 -0.74869
-0.709615 -0.71054
-0.767936 -0.757667
-0.754486 -0.745345
-0.719472 -0.71646
-0.731405 -0.73208
-0.728561 -0.727253
-0.729783 -0.72892
-0.72099 -0.72031
-0.710296 -0.714276
-0.781213 -0.771563
-0.751084 -0.750414
-0.712215 -0.71423
-0.691803 -0.693874
-0.710156 -0.707966
-0.730515 -0.72508
-0.692518 -0.694494
-0.759353 -0.752793
-0.755253 -0.74808
-0.707749 -0.706115
-0.717832 -0.71431
-0.711883 -0.711897
-0.718792 -0.717126
-0.702358 -0.703483
-0.691908 -0.696736
-0.747438 -0.742138
-0.727672 -0.725632
-0.694804 -0.69692
-0.677236 -0.679264
-0.711168 -0.710862
-0.692536 -0.694023
-0.730201 -0.72977
-0.711412 -0.712575
-0.689134 -0.68831
-0.684389 -0.685747
-0.689186 -0.688874
-0.691768 -0.691805
-0.693059 -0.693172
-0.671932 -0.67569
-0.718914 -0.718563
-0.692344 -0.692034
-0.673677 -0.675391
-0.720833 -0.720471
-0.678649 -0.681287
-0.740076 -0.738299
-0.722926 -0.72377
-0.688157 -0.689667
-0.727689 -0.729839
-0.696688 -0.699287
-0.705132 -0.707322
-0.689849 -0.691448
-0.680237 -0.687023
-0.747281 -0.746862
-0.757242 -0.752977
-0.68397 -0.688609
-0.712162 -0.712471
-0.75862 -0.75254
-0.743669 -0.740356
-0.718076 -0.716805
-0.72345 -0.72408
-0.72413 -0.722839
-0.724863 -0.725172
-0.720397 -0.720126
-0.709423 -0.713356
-0.757068 -0.75154
-0.734859 -0.733862
-0.711238 -0.71292
-0.730393 -0.732115
-0.711046 -0.713218
-0.693757 -0.692471
-0.684232 -0.685885
-0.696426 -0.696184
-0.692867 -0.693713
-0.700823 -0.701701
-0.673625 -0.678632
-0.720152 -0.721667
-0.69449 -0.695621
-0.675579 -0.678494
-0.784231 -0.777632
-0.742937 -0.74123
-0.745519 -0.744069
-0.746897 -0.750046
-0.751084 -0.749276
-0.742605 -0.743885
-0.729538 -0.735023
-0.774845 -0.770793
-0.754067 -0.75254
-0.731702 -0.734103
-0.731649 -0.729713
-0.735697 -0.734023
-0.732574 -0.735632
-0.742239 -0.741253
-0.726328 -0.727977
-0.710365 -0.71677
-0.767535 -0.762379
-0.738837 -0.73877
-0.712633 -0.716977
-0.715547 -0.711943
-0.710784 -0.70969
-0.760888 -0.757517
-0.730882 -0.729115
-0.682819 -0.686138
-0.738732 -0.735908
-0.705184 -0.704161
-0.686657 -0.68708
-0.707923 -0.706897
-0.752619 -0.748379
-0.70234 -0.702092
-0.687529 -0.693069
-0.755864 -0.754701
-0.741087 -0.741713
-0.691402 -0.694287
-0.718792 -0.718264
-0.717675 -0.715954
-0.690756 -0.694172
-0.743355 -0.744241
-0.716402 -0.716034
-0.693757 -0.695667
-0.718792 -0.718356
-0.69121 -0.696161
-0.752776 -0.751747
-0.720414 -0.720828
-0.694734 -0.696897
-0.684929 -0.689437
-0.735714 -0.734862
-0.706492 -0.706678
-0.688035 -0.689759
-0.723136 -0.72777
-0.697996 -0.702667
-0.702323 -0.709195
-0.774531 -0.771011
-0.725194 -0.727011
-0.701032 -0.703172
-0.700718 -0.697437
-0.673241 -0.670276
-0.706423 -0.709931
-0.722106 -0.720724
-0.675596 -0.674345
-0.731719 -0.729034
-0.723293 -0.721103
-0.698886 -0.696632
-0.711168 -0.711839
-0.711464 -0.708
-0.710871 -0.711322
-0.694786 -0.693149
-0.684406 -0.68677
-0.758917 -0.756701
-0.728439 -0.728816
-0.691035 -0.691736
-0.667658 -0.666667
-0.689814 -0.691908
-0.691855 -0.68608
-0.670153 -0.668598
-0.724531 -0.721356
-0.73076 -0.733218
-0.696095 -0.697046
-0.700596 -0.70446
-0.702532 -0.701379
-0.706649 -0.710701
-0.68725 -0.686713
-0.676486 -0.680034
-0.724305 -0.725345
-0.709633 -0.710839
-0.683534 -0.685506
-0.666071 -0.668494
-0.673799 -0.669747
-0.679277 -0.679667
-0.682156 -0.681322
-0.683255 -0.68346
-0.688471 -0.687977
-0.681004 -0.682057
-0.685592 -0.686724
-0.692641 -0.69246
-0.687407 -0.687161
-0.666315 -0.669885
-0.696025 -0.693862
-0.68069 -0.68092
-0.67284 -0.675149
-0.690268 -0.690414
-0.668565 -0.67123
-0.701974 -0.702885
-0.701852 -0.705529
-0.692623 -0.694736
-0.726224 -0.732885
-0.701014 -0.703414
-0.709947 -0.713517
-0.689675 -0.691713
-0.680725 -0.688322
-0.733987 -0.735011
-0.750857 -0.75269
-0.688959 -0.694828
-0.675596 -0.671931
-0.71197 -0.708483
-0.705952 -0.704184
-0.695292 -0.691437
-0.69913 -0.698207
-0.701834 -0.698368
-0.704451 -0.70208
-0.691995 -0.687839
-0.680149 -0.680908
-0.725596 -0.722816
-0.706318 -0.704425
-0.686534 -0.686034
-0.683708 -0.684241
-0.683621 -0.684954
-0.694036 -0.693954
-0.68165 -0.683414
-0.693914 -0.69631
-0.694821 -0.69554
-0.695903 -0.69746
-0.669089 -0.674138
-0.698345 -0.697724
-0.683918 -0.685494
-0.675893 -0.679425
-0.75705 -0.755552
-0.711499 -0.711931
-0.713314 -0.714494
-0.721531 -0.722011
-0.721042 -0.721287
-0.704783 -0.704862
-0.690774 -0.693908
-0.74756 -0.745402
-0.719036 -0.718345
-0.697159 -0.69892
-0.715425 -0.717678
-0.718984 -0.721115
-0.72242 -0.723115
-0.728038 -0.731678
-0.707766 -0.708379
-0.691978 -0.697839
-0.747159 -0.746989
-0.720344 -0.722023
-0.698607 -0.703149
-0.720955 -0.71977
-0.721635 -0.720207
-0.76204 -0.763207
-0.736394 -0.73531
-0.692832 -0.696954
-0.726799 -0.726816
-0.709301 -0.709299
-0.701311 -0.703046
-0.717658 -0.716632
-0.755166 -0.755632
-0.708551 -0.707966
-0.694961 -0.701356
-0.747211 -0.746207
-0.741367 -0.745333
-0.703474 -0.707632
-0.732225 -0.730506
-0.722839 -0.723
-0.699375 -0.703862
-0.737354 -0.735586
-0.719891 -0.719816
-0.707016 -0.710414
-0.727724 -0.726046
-0.703248 -0.708379
-0.743634 -0.744793
-0.725787 -0.727276
-0.711691 -0.71477
-0.690442 -0.695356
-0.720815 -0.720966
-0.705969 -0.706414
-0.698398 -0.70092
-0.710435 -0.71408
-0.697578 -0.703437
-0.713418 -0.720149
-0.765006 -0.761437
-0.717274 -0.718701
-0.705254 -0.709092
-0.687878 -0.687655
-0.722176 -0.718966
-0.734999 -0.730287
-0.688314 -0.688437
-0.758254 -0.746069
-0.758306 -0.747563
-0.703823 -0.701092
-0.724374 -0.71823
-0.711691 -0.708322
-0.719926 -0.714862
-0.699026 -0.698414
-0.691367 -0.69431
-0.770623 -0.761
-0.745135 -0.739575
-0.694437 -0.695391
-0.690582 -0.694287
-0.715582 -0.71577
-0.686447 -0.686333
-0.718286 -0.718425
-0.708254 -0.708816
-0.681719 -0.678897
-0.689954 -0.691161
-0.685086 -0.682609
-0.688506 -0.686483
-0.687494 -0.685644
-0.668182 -0.670575
-0.742518 -0.74292
-0.71211 -0.713448
-0.67031 -0.671448
-0.739029 -0.741126
-0.691925 -0.69592
-0.746548 -0.743069
-0.740738 -0.736678
-0.700945 -0.703218
-0.747106 -0.743368
-0.714395 -0.715805
-0.721443 -0.722529
-0.704207 -0.70831
-0.698781 -0.707126
-0.779294 -0.772345
-0.779834 -0.770782
-0.702759 -0.709333
-0.716716 -0.716805
-0.758533 -0.752759
-0.749269 -0.747057
-0.721513 -0.720425
-0.735819 -0.737701
-0.730742 -0.729287
-0.732731 -0.732011
-0.725892 -0.725724
-0.71771 -0.721966
-0.780358 -0.776149
-0.756265 -0.758195
-0.719838 -0.722563
-0.719524 -0.720241
-0.707958 -0.709207
-0.685086 -0.683356
-0.689029 -0.690724
-0.692745 -0.69077
-0.688907 -0.688322
-0.695118 -0.694333
-0.669664 -0.673494
-0.743408 -0.745816
-0.714186 -0.716414
-0.672002 -0.674069
-0.787319 -0.773598
-0.737371 -0.732092
-0.748397 -0.742264
-0.747787 -0.742908
-0.749182 -0.741931
-0.735261 -0.733966
-0.722682 -0.726138
-0.79325 -0.781126
-0.765354 -0.760529
-0.724741 -0.726069
-0.73212 -0.727931
-0.74496 -0.739529
-0.738244 -0.734609
-0.746025 -0.741816
-0.725578 -0.725966
-0.712337 -0.717218
-0.791698 -0.779931
-0.75965 -0.754621
-0.71464 -0.717954
-0.71867 -0.716483
-0.707661 -0.704299
-0.758673 -0.755828
-0.725665 -0.723103
-0.678649 -0.680379
-0.762057 -0.758609
-0.723903 -0.723506
-0.682801 -0.68208
-0.717361 -0.71454
-0.758289 -0.754713
-0.70822 -0.708609
-0.697316 -0.702598
-0.783515 -0.776046
-0.766645 -0.759103
-0.701503 -0.704805
-0.719123 -0.716736
-0.716681 -0.713598
-0.691158 -0.692529
-0.772856 -0.767793
-0.738924 -0.737379
-0.694542 -0.694828
-0.71689 -0.715379
-0.6921 -0.695092
-0.778718 -0.773897
-0.742937 -0.740402
-0.696008 -0.696862
-0.68247 -0.686299
-0.761307 -0.761103
-0.726921 -0.729701
-0.685959 -0.687379
-0.752706 -0.757069
-0.722961 -0.728655
-0.703457 -0.709736
-0.806614 -0.79369
-0.7548 -0.757299
-0.726171 -0.730195
-0.681371 -0.684011
-0.688052 -0.68731
-0.690425 -0.691644
-0.714936 -0.71592
-0.726258 -0.726931
-0.690303 -0.690092
-0.692222 -0.692126
-0.685366 -0.684885
-0.697194 -0.69669
-0.690913 -0.690448
-0.672124 -0.676092
-0.70965 -0.710253
-0.70091 -0.702437
-0.67516 -0.677011
-0.706754 -0.704138
-0.681876 -0.683552
-0.733847 -0.730287
-0.743111 -0.740931
-0.695571 -0.696828
-0.737441 -0.735345
-0.700229 -0.70077
-0.714849 -0.715241
-0.692414 -0.694747
-0.686465 -0.69377
-0.746356 -0.741724
-0.763401 -0.761034
-0.69121 -0.696437
-0.688 -0.686299
-0.741681 -0.734161
-0.745327 -0.739609
-0.699846 -0.697046
-0.711255 -0.706713
-0.702794 -0.69823
-0.711098 -0.70769
-0.696409 -0.693517
-0.687145 -0.689322
-0.738523 -0.73231
-0.726328 -0.721621
-0.690111 -0.690057
-0.715198 -0.716149
-0.726241 -0.726977
-0.694717 -0.693333
-0.691227 -0.690103
-0.692815 -0.690862
-0.697525 -0.696667
-0.69763 -0.696816
-0.673188 -0.676828
-0.71061 -0.710552
-0.702637 -0.703264
-0.676433 -0.677954
-0.795344 -0.778402
-0.733813 -0.731494
-0.742989 -0.736218
-0.743041 -0.738678
-0.743844 -0.740069
-0.729399 -0.728908
-0.71853 -0.721885
-0.77406 -0.763563
-0.752968 -0.748529
-0.721286 -0.722276
-0.746775 -0.746299
-0.754625 -0.750333
-0.751363 -0.749161
-0.759248 -0.757264
-0.742675 -0.742356
-0.730306 -0.735287
-0.780253 -0.771908
-0.762615 -0.759425
-0.733516 -0.736345
-0.722752 -0.718391
-0.712895 -0.709402
-0.76436 -0.76192
-0.731597 -0.730828
-0.685802 -0.690195
-0.733376 -0.730747
-0.71682 -0.716701
-0.69107 -0.69208
-0.714116 -0.710563
-0.758219 -0.754253
-0.707975 -0.706793
-0.696688 -0.701172
-0.755847 -0.749678
-0.754992 -0.75154
-0.701643 -0.703609
-0.723624 -0.720483
-0.715076 -0.712126
-0.689308 -0.692184
-0.738732 -0.736529
-0.723677 -0.722345
-0.69367 -0.694667
-0.722508 -0.722207
-0.698241 -0.70323
-0.749793 -0.747115
-0.734772 -0.733299
-0.703195 -0.705322
-0.68383 -0.688299
-0.726485 -0.725885
-0.713698 -0.715218
-0.688227 -0.689931
-0.716245 -0.720402
-0.708795 -0.714517
-0.705899 -0.712356
-0.777479 -0.768632
-0.719315 -0.721
-0.712564 -0.716241
-0.683953 -0.685874
-0.686604 -0.690299
-0.68547 -0.688552
-0.687023 -0.690115
-0.678387 -0.680678
-0.71436 -0.717356
-0.6768 -0.679678
-0.690233 -0.693
-0.688314 -0.690598
-0.6712 -0.679391
-0.711098 -0.714287
-0.74332 -0.744494
-0.675282 -0.681759
-0.698834 -0.69769
-0.704992 -0.704609
-0.698624 -0.698172
-0.689465 -0.686598
-0.686674 -0.686333
-0.686308 -0.683897
-0.690495 -0.688253
-0.697996 -0.694333
-0.678335 -0.680644
-0.710557 -0.710437
-0.699026 -0.697816
-0.680359 -0.681126
-0.697107 -0.698092
-0.698485 -0.699517
-0.709982 -0.70808
-0.693617 -0.694874
-0.70316 -0.704667
-0.704033 -0.704494
-0.725491 -0.723057
-0.695467 -0.700425
-0.703125 -0.703161
-0.701049 -0.701897
-0.697979 -0.701023
-0.750979 -0.751701
-0.700648 -0.700333
-0.694298 -0.695724
-0.702794 -0.703586
-0.703387 -0.703276
-0.70248 -0.702161
-0.678213 -0.682057
-0.730219 -0.731874
-0.702672 -0.703644
-0.680167 -0.68192
-0.707086 -0.707805
-0.702899 -0.704391
-0.702567 -0.704575
-0.713732 -0.715207
-0.706021 -0.706207
-0.681091 -0.685092
-0.731632 -0.732885
-0.704329 -0.706241
-0.68315 -0.68608
-0.708254 -0.706655
-0.703422 -0.703253
-0.76047 -0.758483
-0.738802 -0.735782
-0.685401 -0.688644
-0.709912 -0.707678
-0.693181 -0.692575
-0.689518 -0.69046
-0.689326 -0.689747
-0.744664 -0.741161
-0.701608 -0.700851
-0.679713 -0.68431
-0.723136 -0.723713
-0.726224 -0.728241
-0.683865 -0.68654
-0.704975 -0.705207
-0.716035 -0.716
-0.681475 -0.684908
-0.708813 -0.708057
-0.69456 -0.695575
-0.685034 -0.68723
-0.721443 -0.720011
-0.686569 -0.690299
-0.721478 -0.720437
-0.70405 -0.704184
-0.690582 -0.69223
-0.696862 -0.700862
-0.710383 -0.708471
-0.703282 -0.702862
-0.700526 -0.702103
-0.688488 -0.691425
-0.686936 -0.692023
-0.707312 -0.714575
-0.742326 -0.742598
-0.690407 -0.691632
-0.69025 -0.693402
-0.684738 -0.684931
-0.717309 -0.717575
-0.712651 -0.713161
-0.688 -0.688483
-0.731789 -0.730402
-0.695484 -0.695437
-0.704696 -0.705586
-0.69367 -0.694103
-0.687197 -0.69269
-0.742343 -0.741333
-0.763575 -0.758414
-0.691001 -0.694966
-0.685802 -0.688667
-0.685401 -0.688437
-0.682522 -0.683851
-0.713785 -0.71646
-0.684249 -0.686966
-0.691053 -0.693414
-0.695868 -0.697862
-0.672403 -0.680425
-0.712058 -0.715483
-0.744559 -0.746218
-0.676625 -0.682954
-0.764517 -0.761195
-0.703649 -0.704448
-0.739831 -0.738713
-0.714762 -0.716391
-0.720379 -0.720034
-0.701852 -0.704069
-0.689936 -0.697115
-0.762005 -0.757552
-0.769384 -0.762793
-0.694019 -0.699046
-0.709493 -0.711368
-0.746304 -0.746736
-0.713035 -0.717195
-0.728526 -0.731276
-0.704451 -0.707701
-0.691803 -0.700149
-0.76422 -0.760448
-0.76989 -0.766586
-0.695641 -0.702977
-0.739866 -0.741092
-0.699444 -0.700609
-0.761516 -0.763609
-0.72488 -0.726057
-0.678387 -0.684989
-0.73308 -0.732851
-0.750508 -0.750851
-0.684284 -0.688598
-0.732487 -0.734575
-0.778543 -0.777391
-0.733289 -0.735195
-0.724793 -0.732816
-0.779765 -0.771437
-0.799147 -0.787874
-0.729887 -0.735874
-0.7145 -0.718471
-0.709685 -0.711103
-0.685941 -0.692655
-0.741297 -0.742655
-0.761551 -0.761759
-0.69128 -0.69654
-0.720048 -0.722379
-0.697037 -0.704897
-0.756126 -0.754299
-0.770693 -0.769908
-0.702829 -0.708207
-0.68643 -0.694126
-0.73055 -0.733138
-0.758516 -0.759943
-0.691803 -0.697253
-0.722822 -0.730069
-0.757103 -0.762575
-0.711918 -0.723057
-0.806457 -0.79554
-0.726799 -0.732115
-0.760941 -0.764598
-0.704905 -0.704586
-0.697072 -0.696816
-0.692623 -0.688437
-0.68547 -0.684195
-0.693478 -0.69008
-0.690756 -0.687977
-0.704922 -0.701506
-0.67926 -0.681356
-0.711656 -0.710713
-0.700125 -0.698897
-0.681493 -0.68177
-0.771199 -0.763437
-0.718809 -0.715724
-0.721461 -0.721322
-0.725979 -0.72523
-0.72577 -0.723494
-0.717291 -0.716379
-0.703457 -0.706805
-0.75808 -0.753494
-0.73294 -0.73223
-0.705341 -0.706621
-0.716733 -0.716069
-0.723083 -0.721529
-0.718495 -0.719552
-0.727811 -0.727471
-0.712668 -0.711874
-0.696775 -0.701287
-0.754608 -0.751655
-0.728387 -0.728299
-0.698904 -0.702092
-0.711936 -0.708736
-0.704312 -0.700506
-0.758743 -0.755874
-0.730411 -0.725701
-0.681859 -0.683115
-0.728387 -0.725736
-0.704643 -0.702471
-0.685976 -0.684471
-0.702148 -0.699552
-0.750543 -0.746736
-0.70152 -0.698908
-0.6895 -0.692575
-0.748589 -0.747471
-0.744594 -0.74246
-0.693513 -0.694391
-0.711203 -0.708391
-0.713994 -0.710149
-0.687285 -0.688161
-0.734336 -0.731908
-0.713977 -0.712782
-0.690634 -0.690299
-0.715808 -0.712552
-0.689204 -0.691299
-0.743826 -0.741529
-0.719106 -0.718816
-0.693007 -0.692908
-0.688645 -0.690483
-0.726206 -0.724207
-0.710488 -0.708552
-0.69203 -0.691494
-0.714744 -0.717782
-0.704434 -0.707414
-0.70883 -0.713805
-0.769838 -0.766678
-0.716663 -0.717713
-0.707749 -0.708793
-0.750508 -0.751862
-0.704469 -0.703138
-0.69285 -0.69446
-0.70979 -0.70954
-0.703753 -0.704011
-0.708534 -0.709103
-0.678544 -0.68346
-0.730864 -0.732839
-0.703457 -0.705506
-0.680708 -0.683391
-0.709511 -0.709966
-0.699915 -0.701931
-0.708097 -0.709333
-0.712494 -0.714747
-0.711587 -0.711402
-0.679888 -0.684885
-0.73137 -0.732425
-0.703928 -0.706218
-0.682156 -0.685713
-0.710679 -0.709414
-0.71136 -0.711851
-0.76436 -0.76269
-0.746844 -0.743207
-0.689814 -0.693425
-0.714081 -0.711839
-0.698188 -0.697448
-0.694071 -0.695034
-0.694926 -0.695241
-0.743983 -0.741621
-0.707452 -0.707011
-0.678789 -0.684149
-0.722525 -0.723529
-0.726101 -0.72877
-0.68322 -0.686356
-0.711691 -0.71169
-0.72502 -0.728138
-0.689343 -0.693391
-0.715808 -0.716057
-0.70337 -0.704471
-0.692902 -0.695966
-0.728614 -0.727023
-0.687529 -0.691908
-0.722263 -0.721655
-0.705324 -0.706391
-0.691751 -0.693816
-0.704905 -0.709598
-0.717902 -0.716816
-0.711848 -0.711828
-0.708638 -0.710954
-0.689657 -0.693678
-0.689221 -0.694943
-0.709214 -0.717195
-0.744297 -0.745632
-0.691786 -0.693908
-0.692745 -0.696391
-0.770518 -0.767391
-0.776031 -0.768138
-0.778212 -0.773609
-0.781143 -0.776264
-0.767431 -0.76823
-0.754678 -0.760011
-0.802776 -0.789391
-0.778962 -0.775437
-0.756666 -0.760195
-0.73048 -0.724793
-0.730672 -0.727092
-0.772577 -0.767724
-0.743582 -0.742034
-0.696356 -0.699425
-0.756457 -0.750115
-0.72242 -0.720713
-0.700125 -0.700667
-0.726834 -0.724046
-0.764796 -0.758931
-0.71532 -0.714805
-0.698485 -0.703897
-0.773031 -0.763782
-0.754695 -0.752264
-0.702637 -0.705506
-0.739622 -0.735207
-0.734004 -0.732805
-0.706737 -0.710425
-0.764639 -0.759391
-0.735452 -0.733575
-0.710016 -0.711759
-0.732504 -0.731506
-0.704643 -0.708621
-0.770815 -0.763149
-0.737406 -0.734759
-0.708307 -0.709977
-0.695048 -0.69946
-0.750508 -0.749759
-0.720658 -0.721621
-0.698223 -0.70008
-0.736604 -0.741655
-0.709511 -0.714989
-0.710069 -0.716391
-0.789325 -0.780667
-0.738662 -0.740874
-0.712546 -0.715747
-0.741349 -0.734218
-0.736272 -0.731644
-0.779817 -0.77554
-0.751346 -0.750011
-0.703108 -0.708644
-0.759371 -0.75492
-0.728858 -0.729218
-0.70719 -0.710506
-0.731527 -0.73108
-0.774479 -0.768402
-0.725107 -0.724529
-0.707888 -0.714494
-0.778386 -0.770103
-0.762598 -0.760954
-0.711726 -0.716954
-0.74585 -0.743529
-0.73622 -0.735264
-0.706824 -0.712609
-0.765215 -0.760839
-0.735644 -0.736287
-0.710418 -0.715161
-0.743966 -0.744218
-0.715861 -0.722989
-0.776729 -0.770851
-0.746984 -0.746805
-0.71949 -0.725149
-0.699601 -0.704839
-0.753177 -0.752931
-0.723711 -0.726241
-0.703021 -0.706126
-0.738401 -0.744276
-0.71197 -0.719103
-0.713436 -0.721885
-0.792483 -0.784736
-0.740564 -0.744483
-0.714971 -0.720759
-0.729556 -0.725828
-0.796827 -0.792667
-0.750316 -0.750586
-0.708185 -0.711862
-0.757399 -0.752184
-0.753927 -0.754253
-0.713035 -0.715057
-0.78212 -0.773448
-0.756509 -0.753644
-0.703736 -0.706207
-0.740564 -0.736391
-0.718774 -0.718046
-0.708551 -0.70954
-0.794437 -0.794552
-0.761307 -0.76592
-0.78861 -0.785345
-0.777532 -0.777621
-0.764692 -0.768402
-0.733184 -0.736368
-0.7548 -0.754046
-0.740651 -0.740598
-0.736918 -0.738115
-0.710575 -0.712977
-0.695694 -0.699851
-0.715372 -0.72077
-0.76518 -0.761598
-0.714517 -0.714333
-0.700543 -0.702379
-0.767849 -0.762839
-0.724619 -0.72354
-0.698049 -0.70192
-0.754974 -0.75123
-0.748397 -0.749621
-0.703666 -0.705667
-0.76914 -0.768448
-0.751607 -0.754368
-0.792378 -0.78708
-0.792256 -0.790345
-0.756073 -0.757264
-0.699444 -0.703943
-0.745693 -0.745529
-0.746478 -0.748218
-0.704539 -0.706609
-0.73458 -0.739103
-0.739447 -0.746069
-0.719873 -0.72708
-0.805654 -0.791632
-0.738279 -0.74092
-0.743565 -0.748322
-0.74906 -0.744241
-0.711534 -0.714736
-0.75555 -0.752759
-0.733341 -0.734138
-0.716384 -0.71823
-0.715303 -0.718724
-0.742884 -0.741759
-0.728771 -0.729322
-0.719664 -0.721529
-0.718408 -0.721609
-0.706562 -0.711333
-0.72017 -0.725931
-0.775037 -0.771816
-0.721723 -0.723195
-0.711063 -0.714138
-0.717605 -0.721747
-0.751084 -0.75177
-0.734981 -0.736207
-0.721723 -0.724391
-0.729015 -0.73254
-0.713506 -0.718724
-0.72345 -0.729851
-0.78683 -0.78008
-0.732574 -0.734103
-0.718181 -0.72123
-0.708883 -0.712299
-0.703841 -0.709218
-0.724566 -0.731954
-0.763174 -0.76354
-0.712093 -0.712897
-0.708237 -0.711172
-0.756911 -0.761437
-0.727358 -0.733322
-0.729469 -0.737529
-0.760121 -0.762264
