-0.1982200253314    -0.01452660925563 
0.006773333875259   0.005394769436507 
0.1936883705304     0.03297664903826  
0.08449907151532    0.02201393505166  
0.1322115887444     0.02431417396052  
-0.04308773267274   -0.00547578585445 
-0.1172211341426    -0.008229780972082
0.07584169586102    0.003068098497378 
-0.07562257411937   -0.00701041975761 
-0.02909242278772   -0.005546116290779
-0.3441847510689    -0.01482016063503 
-0.1285979316444    -0.01093177091807 
-0.06203777058923   -0.006628752853677
0.2327999872351     0.03113914679429  
-0.3313142133672    -0.0140887136296  
-0.05089819770785   -0.005974969902454
0.1390129494491     0.02144440804415  
-0.01764255812573   -0.00537190797424 
-0.2774095696673    -0.01494664013147 
-0.1894729922159    -0.01367484965583 
-0.1576026047899    -0.01292685070511 
-0.1215391299107    -0.01091499435148 
-0.02388451401445   0.002220954716872 
-0.1238677260674    -0.006394927923722
-0.09202612316324   -0.005918402139257
-0.0399283455236    0.004701932627435 
0.09777744942781    0.01969972071111  
-0.03296097529593   0.001178847215663 
0.2510893624494     0.03896936240087  
0.175339964965      0.02153769882377  
-0.1357854198839    -0.009480560528183
0.2626797580299     0.03201052858541  
0.2291939625849     0.03056416722797  
-0.1135411590845    -0.009105477782383
0.01426167533906    0.01539173617489  
-0.009510746577016  0.004985285229196 
0.2419928700109     0.02907106067225  
-0.0005164747392246 0.005995064677236 
-0.1015685861023    -0.00641123524738 
0.01427734729436    0.0003593264341188
0.05068763257883    0.002788656720727 
-0.07885649312445   -0.005014980269962
0.008142594207564   -0.001356194822123
0.01264992186645    -0.001002089755222
-0.03462568112988   -0.005252536305642
-0.1031843296836    -0.006253294705797
0.02236652637409    0.005252979475408 
-0.2808799833969    -0.01211153932858 
-0.06756292972815   -0.005498066171136
0.09430492860136    0.01305778647715  
0.1065494932741     0.003157869173547 
0.1898770557766     0.03162662012455  
0.1722316573356     0.02853363280956  
-0.1215289772464    -0.008791804900172
-0.1194810648289    -0.008859241280809
0.01066663565166    -0.00151166758387 
-0.113083680409     -0.008168408082693
-0.03882714869586   -0.005975173210424
-0.3302018651084    -0.01395911017255 
-0.1446020030505    -0.0109200018496  
-0.08840074105667   -0.007490556231464
0.2161431298085     0.02895194301465  
-0.2989251748088    -0.01300447589215 
-0.06428984972095   -0.006358090793507
0.06189304784953    0.01676572253372  
0.00196678337192    -0.004959699827561
0.221010344383      0.03558096568192  
-0.09968788479136   -0.008664509335779
-0.1439708314855    -0.009882909294199
-0.03657464472662   -0.00361838195291 
-0.09936654739957   -0.007594248178705
-0.0111642471515    -0.004424792262866
-0.2547928191886    -0.01272472643185 
-0.09559458193433   -0.009477095268753
-0.04970877652204   -0.006396594871847
0.1239501148438     0.0205160159394   
-0.1846199913239    -0.01132614447012 
-0.04622198520651   -0.005482198547368
0.3310500454862     0.04328266660603  
-0.003196753984778  -0.004328886665699
-0.1164634349605    -0.008581354041114
-0.1954165266117    -0.01070790203079 
-0.0005512935675996 -0.002738656984311
-0.08264651175395   -0.006563156597289
-0.01931845770393   -0.005211366006292
-0.3020987014381    -0.01284987448837 
-0.1754642510299    -0.01090156113337 
-0.1393102556975    -0.008867267875378
0.09195459982183    0.01683539088533  
-0.2082136607706    -0.01082913899959 
-0.0109792397265    -0.00407816596582 
0.2076530467161     0.0283930129393   
-0.09391450656917   -0.007779233967473
0.1825403989627     0.02629234912017  
0.3498311847869     0.03934887406367  
-0.04251299334252   -0.001457850837853
0.01061715318573    0.004635975585099 
-0.005968620630633  0.003136393637524 
0.04110706294959    0.007062907020564 
0.1062435151023     0.01265521730818  
-0.004962024110916  -0.002946123925709
0.2157027961645     0.01745629031994  
-0.01318439015257   0.0006549365302422
-0.06646870451694   -0.005599779377358
0.100657857912      0.01188135342533  
0.4602957846796     0.05414550422041  
-0.116945956096     -0.004386511917755
0.006586782459823   0.002125615776425 
0.1573611308871     0.01465358825702  
0.02982046430671    0.00245865291678  
0.05869496821965    0.007911910483918 
-0.1431647060238    -0.007270554843405
-0.06684979017336   -0.001174150727876
-0.1232284275176    -0.005309555925447
-0.1069244462694    -0.006715574190507
0.07668509746795    0.008742973097677 
0.001787690616818   -0.0007197596219934
0.04876967815975    0.004675717394123 
0.03714293229471    0.005513984666943 
-0.04931266092804   -0.0002953559936819
0.08939427577854    0.009553611217846 
0.05830962899926    0.001693674371896 
-0.0405597050706    -0.0007926440750475
-0.02645480060298   -0.002242237047232
0.04883990618778    0.0006075148362298
0.08735683367754    0.009820426246263 
0.3373142013765     0.0377845546082   
0.1472694889235     0.01276885056632  
0.07988927171719    0.01728137963364  
-0.1061480608807    2.137438870498e-05
-0.1030983063148    -0.006002948869537
-0.09895757645147   -0.002248295686608
0.2139430076817     0.02431771863059  
-0.02038086009492   -0.00343155302046 
0.09062667067504    0.01690949617858  
0.02479546156482    0.006926941352095 
0.2197930413457     0.03959538216398  
0.1134887833621     0.02038107223784  
0.01176909732912    -0.002391061619621
-0.02485445532244   0.004118818346439 
0.2374268670102     0.03406901822214  
0.01485406148753    -0.002158126869224
0.4140802143344     0.05369916855775  
0.09181050738566    0.0102879500141   
-0.03341809380547   0.00168006836282  
-0.3294498805541    -0.01135848417799 
-0.02452667237672   0.001395808619529 
-0.04328966689968   0.001306187485115 
-0.2343427610745    -0.009974873839968
0.1116153304429     0.01088881751009  
0.06205871521132    0.01857603536602  
-0.09704535620601   -0.007202349171221
0.1974160852079     0.02166912614029  
0.3210284216348     0.04129255920644  
-0.09074405668037   -0.007180913100138
0.3404678162539     0.04536052571697  
-0.03817682629078   -0.004088516240801
0.04614266315441    0.00873554573345  
0.02831098092531    0.009761586530144 
-0.03634421173553   -0.004486101693544
0.3714772689862     0.04010201046423  
-0.2219944393837    -0.009423526628448
0.02863017595922    -0.001664556074983
0.1038046409859     0.01537753475077  
0.003162345990813   -0.002832719299385
-0.02786032286196   0.00518751785701  
-0.2344763109556    -0.009689296898974
0.02710708036192    0.007438356693265 
0.01136944130723    -0.002209533308074
0.07764173871683    0.02123346633788  
-0.03338297465761   -0.003971844992343
