0.00211444
-0.0016766
3.01915e-05
0.000693302
0.000515714
0.00146529
0.000936838
0.00151292
-0.00133598
0.00152222
-0.00306147
-0.00151572
-0.0011448
-0.0021252
-0.00134401
0.000225351
0.00082019
0.00290289
0.00741999
0.00296933
0.00173547
0.00110223
0.00162665
0.00208061
0.00111235
0.000668764
0.00176363
0.00241015
0.0033036
0.0014577
0.00129646
0.00440223
0.000884967
0.00936876
0.010977
0.000330673
0.000598726
0.00159712
0.000637968
0.00123369
-0.000803276
-8.35939e-05
0.000452237
0.0145849
-0.000982292
0.000610531
0.00871891
0.00070032
0.0111132
0.000549789
0.000710007
0.00153258
0.000386433
0.00187707
-0.000198829
0.000899677
0.00170403
0.00858233
-0.000306603
0.00100091
0.0106752
0.00153939
0.000472192
0.000892963
0.00250546
0.00127696
0.00165927
-0.00029722
0.000886504
0.000691891
0.0103039
-0.000207737
0.000943569
0.00944282
0.00146034
-0.00224704
-0.00190575
0.00147824
0.000994865
0.000740763
0.00112571
0.000141139
0.001164
-0.00144895
0.000985394
0.00122799
0.0010194
-0.00367441
0.00121867
0.000530588
-0.000330256
0.000558034
-0.00040535
-0.000224455
0.000877987
0.00116928
0.000740547
-0.00062585
0.000530821
0.000996543
-0.000527763
0.000729494
-0.000411969
0.00382307
0.000415734
0.00037555
0.00309435
-0.000409156
-0.00144374
-0.000453608
-0.0004225
0.00126376
-0.000407278
0.00140553
-0.00120851
0.00104403
0.000205856
5.06581e-05
-0.00163088
-0.000202567
0.0007758
0.00040422
-0.00181536
0.00167476
-0.00369004
0.000134696
0.000921208
-0.00135918
0.00120326
0.000639181
-0.000374278
-0.000266629
-0.000302009
-8.60548e-05
-0.000735827
-0.00283282
0.00047249
-0.00226535
0.000123489
-9.87401e-05
0.000714162
0.00158965
-0.00077181
-0.00107823
0.000280591
0.0077412
0.000564497
0.000943962
-0.000741119
0.000253874
0.000671961
3.2774e-06
0.000830768
0.00126761
-0.000602774
0.0011873
0.00148873
0.000774991
0.00091499
0.000743735
-0.0011984
0.00102416
-0.00195383
-0.000740384
0.000925055
-0.00123452
-0.000803412
0.000439041
-0.000765642
-0.000937205
-0.000379291
0.00121226
0.00148542
0.00111854
0.0013559
0.00013605
0.00187716
-0.00190527
-0.00150047
-0.000300617
-0.00146734
-0.00153146
-0.000378642
0.000593521
-0.000728647
0.00119968
0.00169729
0.00162922
0.00177289
0.000224746
0.00142484
-0.00177023
-0.00134153
0.000296066
-0.000956232
-0.000975149
-0.00243979
0.000534436
0.000854002
0.00163853
0.000627908
0.00103051
-0.000575136
0.00124813
-0.00221312
-0.00104472
0.000646338
-0.00116007
-0.000482853
-0.000658722
0.000453079
0.00330906
0.00254727
0.00296288
0.00309392
0.00289859
0.00463112
0.00207069
0.00100608
0.00320619
0.00242608
0.000471865
0.00316429
-0.000400785
0.00243039
0.00165928
0.0022757
0.00223316
0.00115764
0.00104341
0.00127577
0.00101856
0.000864167
0.00196565
0.00283331
0.00223844
0.00140435
0.000742706
0.000336312
0.000872229
0.000719065
0.00104557
0.000724056
0.00206066
0.0102653
0.00246184
0.00833116
0.000791976
0.000916844
0.00322575
0.00783382
0.00102026
0.00515245
0.00308697
0.0141646
0.00515908
-0.000529768
0.00720287
0.0123655
-0.000688741
0.0126508
0.00472621
0.00135491
0.0011415
0.00516276
0.00333156
0.00106366
0.00234421
0.00830654
-0.0015893
0.0167092
0.0230309
-0.00175566
0.011622
-0.00132281
0.0069516
0.00481914
-0.000898074
0.00707751
-0.00145468
-0.00151009
0.00024337
-0.000530194
0.00848793
-0.00151991
0.00696089
-0.000908815
0.00874727
-7.60398e-05
0.00763188
0.0050091
0.00125922
0.000364506
8.66902e-05
0.00122561
0.00129913
0.000670992
0.0010126
0.00142814
0.00197955
0.00125026
0.00142918
0.00427288
6.90188e-05
0.00995952
5.98664e-05
4.11417e-05
0.000503469
7.26572e-05
0.000230252
0.000491542
-0.000359481
0.00122339
0.00515732
-0.000463501
5.53779e-05
0.0143571
-0.000191051
0.000637342
0.000862872
0.00107223
0.00124904
0.00119449
0.000937392
0.00133396
0.000967374
0.00149492
0.00113339
0.00134968
0.00626254
-0.00010848
-0.00158463
-0.00092014
0.00179331
0.00246899
0.000273038
0.00186611
0.000764383
0.00160692
-0.000586063
0.00191564
0.000873178
0.00197747
0.00186256
0.0013831
0.000535661
0.00188687
0.000247037
-0.000136134
0.000463732
6.06127e-06
0.000599651
0.000530998
0.000535383
0.00216697
0.00176512
0.00223287
0.00182835
0.00115488
0.000849968
0.000439899
0.00106814
0.00249204
0.00179058
0.00174498
0.000314708
0.000268775
0.00178395
0.000942231
0.00150717
-0.000445214
0.00151002
0.00264242
0.00232651
-0.0012479
0.000899774
0.000975195
0.000158666
9.09318e-05
0.00112438
0.00400317
0.000876649
0.000297269
0.000777434
0.000166462
0.00104415
0.00152947
0.00411537
0.000396052
0.00111839
-0.000673877
-0.00132569
0.000954585
-0.000446638
0.0016227
0.000205339
0.00120807
0.00109993
0.000155281
0.00103536
0.000600049
0.00286511
0.0010265
0.000866877
0.000382601
-0.000254299
0.000767408
0.00123741
0.000671866
0.0150564
-0.000823041
-0.000288208
0.000600438
-0.00040875
0.000730379
-0.000971245
0.000217268
0.00096397
0.00920634
-0.000835865
0.000104697
0.0121449
0.000895078
-0.000795993
0.000357422
0.00104406
-4.40327e-05
0.000670998
-0.000549639
0.000281884
-0.00019478
0.00962428
-0.000802511
0.000816952
0.00781198
-0.000130366
-0.00178905
-0.00194885
0.00153273
0.000937334
0.000783216
0.000816867
0.00117871
0.000193898
-0.000989829
0.00113643
-0.000151332
0.00137231
-0.00330224
0.00133473
0.000469723
-0.000377702
0.000580633
-0.000153912
0.000127253
0.000792585
0.00102601
0.00190161
-0.000470833
0.000955093
0.000116481
-0.000170123
0.000927861
0.000122254
0.00220143
0.000793312
0.00029805
0.00225921
0.000838794
-0.000926701
-3.48888e-05
-0.000560392
0.00150187
-0.000764791
0.00186101
-0.000759707
0.000663886
-0.000765861
0.000398774
-0.00173327
-0.000434794
0.000990797
0.000690814
-0.00115762
0.00212596
-0.00309998
3.90099e-05
0.000718122
-0.000816078
0.00131617
0.000931338
0.000765453
0.000150666
2.17322e-05
-0.000527761
-0.000626692
-0.00251439
0.00116928
-0.0022881
0.000299586
-6.61523e-07
0.000719834
0.00150335
-0.000879191
-0.00084414
0.000893477
0.00698143
0.000862043
0.00109546
-7.97889e-05
0.000681327
0.000799707
-0.000326645
0.00133526
-0.000934604
-4.64435e-05
0.00164324
0.000209711
0.00149498
-0.00164701
-6.43427e-05
0.000277717
0.0085299
-0.000936471
0.0010131
0.0186695
-0.000180587
-0.00230625
-0.00209787
0.00209347
0.00124298
0.000359137
0.00176792
0.00127593
0.000579481
-0.00054173
0.00124249
-0.00166272
0.00089911
-0.00363088
0.00189349
0.000285044
0.000194833
0.000687449
-0.000203396
1.30545e-05
0.000787486
0.00111704
-0.000315185
-0.000327492
0.00137441
0.000977309
0.000452268
0.00144216
-0.000141344
0.0011042
0.00105568
0.00107855
0.00110928
0.000202043
-0.000897406
0.000203805
0.000497607
0.00194812
0.000222084
0.00237299
-0.00136342
6.19963e-05
0.000254508
0.000788188
-0.00138668
0.000483246
0.000469139
0.000960212
-0.000603215
0.00149479
-0.00185584
0.000308802
0.000947672
0.000148568
0.00126936
0.000634169
-0.00109113
0.000248196
-9.5406e-05
5.91195e-05
-3.61786e-05
-0.00256332
-0.000254712
-0.00174169
0.00162949
0.000191779
0.00101146
0.000265336
0.000187848
-0.000332501
0.000323715
0.0109612
0.000871067
0.00180397
-0.00251691
0.000725178
-0.000551785
4.07222e-05
0.00100616
-0.0026373
-0.0031926
0.000786665
-0.000141665
0.000554876
0.00047925
-0.000122277
0.0008391
-0.00124631
0.000733536
-0.000195594
-0.000103819
-0.00451606
0.00130807
0.000670759
-0.000331939
0.000665935
-0.000335418
0.000351537
0.000907224
0.0012338
-0.00028565
-0.00054791
0.000672
0.000261144
-0.00034264
0.000635945
-0.00054239
0.000737648
0.000490878
0.000110236
0.00202134
-0.000211887
-0.00198534
-0.000845908
-0.000851156
0.00117697
0.00102857
0.00122218
-0.000991393
0.000594171
-0.000426259
-0.00014588
-0.00195492
-0.000846307
0.000881839
0.000549757
-0.000864819
0.001052
-0.00411815
3.12929e-05
0.000464666
-6.30536e-05
0.00146236
0.000715261
-0.00124541
-0.000549779
3.16957e-05
0.000509297
-0.00109844
-0.00263403
0.000367331
-0.00280352
0.00103577
-6.34228e-05
0.000861665
0.00025703
-0.00190341
0.000204276
0.00080289
0.00794665
0.000443773
0.00128345
-0.000957049
0.000434714
0.000808839
-0.000267132
0.000323723
0.028248
0.00141277
0.00365657
0.00895578
0.0056708
0.00942425
-0.00167573
0.00397816
0.00163917
-0.00245467
0.00555354
0.000809862
0.0028589
0.00672525
0.00292215
0.00849129
-8.81914e-05
0.00578818
0.000371161
-0.00238293
0.00623448
0.00552812
0.00236045
0.00410642
0.00164924
0.000985145
0.000373687
0.00253722
0.00107638
0.0036459
0.00376435
0.00505595
0.00222379
0.000510883
0.00116703
0.00240221
0.000700679
0.00557219
0.00257629
0.00424948
0.000513041
0.00267606
0.00133217
0.000203451
0.00223106
0.00206335
0.000581061
0.00413007
0.00421969
0.0010767
0.00486451
0.000224988
0.00325351
0.000698892
-0.000333425
0.00594099
-0.000779973
0.000618117
-0.000265604
0.00064549
0.00101512
-0.000803581
0.00167822
0.000253653
0.00276225
-0.000185091
0.00110069
0.00408028
0.0141924
0.00345504
0.00925247
-0.00274011
0.00231781
-0.000659422
-0.00367431
0.0092523
0.00445444
0.00192698
0.00154176
0.000636529
0.00109516
0.00112999
0.00103239
0.000925039
0.00255752
0.00440114
0.00334592
0.00255412
8.13775e-05
0.0013778
0.00182316
8.1701e-05
0.00652818
0.00502279
0.00510875
-0.000237905
0.00118053
0.00156379
-0.000294706
0.00603247
0.00180318
-2.81034e-05
0.00155576
0.00171168
7.01825e-05
0.00194007
-0.000437827
0.00181045
0.000229838
-0.000905119
0.00596323
0.000653522
0.000494878
8.70621e-05
-0.000580306
0.00108266
0.000575126
0.00182171
0.000445589
0.00130382
-0.00115851
0.00415374
0.00228045
0.0024416
0.000699806
-0.000155136
0.00080654
0.00151761
0.000652964
0.00133059
0.00383566
0.00300393
0.00221317
8.58645e-05
0.000910851
0.00147105
0.000292196
0.00490446
0.00230595
0.00470529
-5.36133e-05
0.00151296
0.00107649
0.000147015
0.00418576
0.00140909
0.000747767
0.00123327
0.000660859
0.000761649
0.00141142
-0.000453691
0.00173281
-0.000521684
-0.000719601
0.00520169
0.000337131
0.0001505
0.00142533
0.000849653
0.000558334
0.000449917
0.000484276
0.0005056
0.00106411
-0.000794584
0.0095677
0.0267489
0.00919593
-0.00211121
0.00281822
0.0218905
-0.0011843
0.0308857
0.00543109
0.00163608
-0.000507458
0.000835364
0.00449762
-0.000669813
0.005571
0.00620808
-0.000493919
0.00249732
0.0171592
-0.000198576
0.0154876
0.000590018
0.00024158
0.00296233
0.00139769
0.00696661
0.00100043
-0.000911717
0.000314993
-0.000659286
0.00154409
0.00110233
0.00130001
-0.00115055
0.013631
7.21878e-05
0.00885618
0.00376143
-5.45707e-05
0.00213614
0.00377705
-0.000148211
0.0114408
0.0126252
-0.00159446
0.00535443
0.0234558
-0.00146745
0.0356153
0.000627627
4.07964e-05
0.00702984
0.0010541
0.0226445
4.40822e-05
-0.000516593
0.00143539
-0.00266783
0.00239953
-0.000130083
0.00306257
-0.000468226
0.0232493
-0.00230514
0.00325112
-0.000202862
0.00394114
0.00552412
-5.39032e-05
0.00848547
0.000565196
0.00164684
0.00055632
0.000193406
0.00349735
0.00106036
0.00018772
4.94184e-05
-0.000163186
0.00178843
0.000817527
0.00110691
0.00039792
0.00326505
-0.000212516
-9.63681e-05
0.00303959
0.00849227
0.000421772
0.0160617
-0.000891392
-0.00162464
4.37238e-05
-0.00118737
0.00729389
-0.00115269
0.00594597
-0.00188997
0.0235763
-0.00207187
-0.000293395
0.000877776
0.0012533
0.000327418
0.000324869
-0.000108288
0.00260978
0.00137751
0.00794196
4.09033e-05
0.000141902
-0.000232534
0.000156414
0.00113522
-0.000194503
0.000870922
-8.25838e-05
0.00343897
-0.000135174
-0.000292091
