-0.595991
-0.625335
-0.616001
-0.62352
-0.615077
-0.604487
-0.615687
-0.618112
-0.635244
-0.608936
-0.649776
-0.63718
-0.645642
-0.643862
-0.648904
-0.63746
-0.63493
-0.654155
-0.661814
-0.653318
-0.624428
-0.628458
-0.640286
-0.627289
-0.632941
-0.625928
-0.625492
-0.627725
-0.67181
-0.621008
-0.633831
-0.670223
-0.642641
-0.686657
-0.689221
-0.648817
-0.646148
-0.661709
-0.651189
-0.65405
-0.641559
-0.647718
-0.653824
-0.705969
-0.648014
-0.659127
-0.694437
-0.661308
-0.686761
-0.640286
-0.636744
-0.651573
-0.643461
-0.646252
-0.633517
-0.639466
-0.645014
-0.696356
-0.640216
-0.650945
-0.706458
-0.652463
-0.647107
-0.642519
-0.65808
-0.650143
-0.652515
-0.640164
-0.644961
-0.650649
-0.698502
-0.647247
-0.658953
-0.702009
-0.656388
-0.656894
-0.678108
-0.634058
-0.641315
-0.632383
-0.639658
-0.649183
-0.670833
-0.652027
-0.642554
-0.661256
-0.653108
-0.690024
-0.629434
-0.63725
-0.640809
-0.633918
-0.643304
-0.66614
-0.631493
-0.634895
-0.658377
-0.649672
-0.643775
-0.649497
-0.64381
-0.641978
-0.655272
-0.680341
-0.642903
-0.648921
-0.672892
-0.661011
-0.673869
-0.643723
-0.65187
-0.639379
-0.67202
-0.634476
-0.666838
-0.665443
-0.660226
-0.639885
-0.673607
-0.65972
-0.675544
-0.642501
-0.677341
-0.667536
-0.696932
-0.63903
-0.634773
-0.662076
-0.631371
-0.639099
-0.65494
-0.649201
-0.654679
-0.668757
-0.65487
-0.680847
-0.660889
-0.684807
-0.675038
-0.647125
-0.654434
-0.665914
-0.682714
-0.669054
-0.681562
-0.713104
-0.681405
-0.647473
-0.661116
-0.651154
-0.673345
-0.670397
-0.672805
-0.60344
-0.627638
-0.612407
-0.618479
-0.617624
-0.620589
-0.625806
-0.644019
-0.626434
-0.659005
-0.642083
-0.626608
-0.650125
-0.654225
-0.635244
-0.649148
-0.632173
-0.635261
-0.618793
-0.611099
-0.618775
-0.624585
-0.640844
-0.616594
-0.656249
-0.643897
-0.65016
-0.65173
-0.656353
-0.641315
-0.642972
-0.643409
-0.620729
-0.611814
-0.618269
-0.626486
-0.643932
-0.619927
-0.659232
-0.646531
-0.644176
-0.654539
-0.658429
-0.66785
-0.645432
-0.627655
-0.617624
-0.626486
-0.634668
-0.650718
-0.626538
-0.665251
-0.650806
-0.647194
-0.661953
-0.665914
-0.659877
-0.649253
-0.664937
-0.677916
-0.654661
-0.673154
-0.656092
-0.691629
-0.683813
-0.647508
-0.699671
-0.684964
-0.647316
-0.681144
-0.685994
-0.645153
-0.664902
-0.659005
-0.682539
-0.673119
-0.636186
-0.678091
-0.673677
-0.638367
-0.672055
-0.648956
-0.667588
-0.653143
-0.682784
-0.676433
-0.645083
-0.68008
-0.677375
-0.645834
-0.673974
-0.699985
-0.670362
-0.702445
-0.68001
-0.650579
-0.688611
-0.70555
-0.654225
-0.689169
-0.678248
-0.729207
-0.706562
-0.668687
-0.703684
-0.722961
-0.670624
-0.726712
-0.697525
-0.6783
-0.643182
-0.687215
-0.687825
-0.645991
-0.684249
-0.719978
-0.683778
-0.727392
-0.736691
-0.685575
-0.738837
-0.670833
-0.710749
-0.712616
-0.671653
-0.72352
-0.679399
-0.684929
-0.663052
-0.670118
-0.718251
-0.680847
-0.708883
-0.68547
-0.717728
-0.670275
-0.676102
-0.661011
-0.628144
-0.63479
-0.644071
-0.633273
-0.638541
-0.632819
-0.632383
-0.634093
-0.677515
-0.628248
-0.639536
-0.672683
-0.650055
-0.684057
-0.651608
-0.656406
-0.664047
-0.657191
-0.663227
-0.656353
-0.657313
-0.657557
-0.68957
-0.653841
-0.664117
-0.707766
-0.673345
-0.63568
-0.639501
-0.648852
-0.641402
-0.646113
-0.640321
-0.638873
-0.640164
-0.674549
-0.637006
-0.648398
-0.687616
-0.654731
-0.66874
-0.681999
-0.640321
-0.648381
-0.649776
-0.648782
-0.653841
-0.652672
-0.657906
-0.646933
-0.659145
-0.66457
-0.697787
-0.644176
-0.65412
-0.66396
-0.652428
-0.65665
-0.656109
-0.647386
-0.649148
-0.664535
-0.669333
-0.649305
-0.657854
-0.658586
-0.651277
-0.659546
-0.666193
-0.650073
-0.654103
-0.671653
-0.67181
-0.682086
-0.662616
-0.66375
-0.646653
-0.655429
-0.6436
-0.674183
-0.665111
-0.672909
-0.659162
-0.687895
-0.668496
-0.662058
-0.653963
-0.685558
-0.67017
-0.70658
-0.661203
-0.653597
-0.65508
-0.652114
-0.657086
-0.663576
-0.670362
-0.665163
-0.655516
-0.667484
-0.690844
-0.663768
-0.701608
-0.656842
-0.654713
-0.660523
-0.665094
-0.695676
-0.651521
-0.664553
-0.693583
-0.671339
-0.655551
-0.660052
-0.666803
-0.672037
-0.68308
-0.678858
-0.701503
-0.653632
-0.652009
-0.663454
-0.658168
-0.661971
-0.649898
-0.65508
-0.659965
-0.709109
-0.656667
-0.666559
-0.716454
-0.66853
-0.655673
-0.652655
-0.665809
-0.660697
-0.663384
-0.651346
-0.655795
-0.661029
-0.707801
-0.659057
-0.669089
-0.710226
-0.668653
-0.659842
-0.67823
-0.636727
-0.644787
-0.636866
-0.643792
-0.651259
-0.673642
-0.656441
-0.645851
-0.662285
-0.656999
-0.692204
-0.634372
-0.64306
-0.64784
-0.640042
-0.648485
-0.669961
-0.638663
-0.640809
-0.659232
-0.656109
-0.644979
-0.65269
-0.646898
-0.644438
-0.65672
-0.682731
-0.64613
-0.651311
-0.672316
-0.662878
-0.67898
-0.649846
-0.657854
-0.644071
-0.676119
-0.64067
-0.671985
-0.667414
-0.667431
-0.646671
-0.680394
-0.665704
-0.679748
-0.649567
-0.68301
-0.669333
-0.703544
-0.646688
-0.641699
-0.667013
-0.639727
-0.645991
-0.657121
-0.656755
-0.660488
-0.673974
-0.662669
-0.68732
-0.662791
-0.692361
-0.678893
-0.65405
-0.660174
-0.66785
-0.689535
-0.674549
-0.685453
-0.714727
-0.686308
-0.654783
-0.663995
-0.658918
-0.675526
-0.677742
-0.675299
-0.663227
-0.659476
-0.670711
-0.668286
-0.671252
-0.660854
-0.664745
-0.668862
-0.70904
-0.668042
-0.677061
-0.729748
-0.67666
-0.660802
-0.677899
-0.637965
-0.647142
-0.639675
-0.645415
-0.65344
-0.667205
-0.658796
-0.647822
-0.688227
-0.659354
-0.69107
-0.634598
-0.644891
-0.64866
-0.64149
-0.649794
-0.663
-0.640425
-0.641769
-0.68486
-0.656824
-0.644403
-0.652533
-0.646706
-0.644525
-0.657295
-0.675805
-0.646671
-0.650631
-0.695955
-0.663419
-0.682068
-0.652411
-0.65979
-0.646287
-0.669438
-0.643339
-0.675108
-0.692972
-0.668705
-0.649933
-0.683935
-0.668339
-0.675439
-0.653353
-0.685854
-0.695798
-0.705515
-0.649986
-0.644717
-0.660924
-0.643548
-0.649358
-0.684528
-0.659528
-0.664064
-0.668443
-0.666071
-0.690687
-0.689989
-0.694926
-0.672316
-0.657522
-0.662843
-0.69456
-0.691262
-0.669263
-0.680551
-0.727933
-0.680603
-0.657557
-0.692553
-0.662145
-0.702305
-0.679957
-0.700857
-0.665495
-0.684929
-0.645101
-0.652812
-0.644333
-0.650457
-0.657714
-0.668687
-0.665024
-0.654539
-0.678719
-0.662407
-0.697194
-0.640199
-0.647979
-0.653318
-0.644438
-0.651974
-0.663576
-0.644909
-0.64702
-0.67598
-0.658272
-0.651643
-0.658237
-0.653074
-0.649741
-0.661256
-0.678649
-0.653353
-0.658499
-0.687738
-0.666577
-0.688506
-0.659232
-0.665809
-0.650701
-0.6712
-0.650753
-0.681964
-0.685209
-0.672316
-0.65501
-0.687721
-0.671845
-0.676015
-0.658464
-0.691803
-0.687407
-0.709336
-0.653876
-0.64784
-0.662651
-0.648625
-0.655341
-0.676381
-0.662198
-0.665547
-0.668391
-0.671392
-0.695938
-0.679923
-0.696932
-0.672403
-0.661029
-0.667048
-0.684214
-0.693338
-0.670816
-0.68301
-0.719612
-0.679678
-0.664762
-0.683185
-0.664849
-0.693984
-0.683569
-0.690268
-0.739971
-0.68308
-0.692187
-0.696688
-0.693774
-0.699706
-0.687128
-0.705376
-0.689587
-0.687354
-0.708307
-0.698991
-0.70733
-0.703073
-0.706266
-0.714221
-0.70555
-0.716123
-0.705742
-0.705882
-0.720798
-0.700578
-0.680795
-0.687407
-0.679766
-0.66457
-0.68711
-0.693513
-0.665634
-0.696356
-0.679992
-0.711621
-0.702654
-0.673921
-0.697613
-0.707888
-0.672857
-0.73226
-0.687407
-0.683185
-0.664954
-0.692588
-0.679242
-0.66539
-0.697124
-0.704556
-0.672962
-0.713296
-0.715686
-0.671409
-0.729032
-0.681022
-0.707888
-0.696705
-0.680167
-0.728369
-0.68547
-0.676137
-0.686709
-0.685575
-0.700526
-0.684197
-0.712337
-0.674933
-0.708551
-0.684336
-0.709127
-0.716908
-0.718652
-0.714727
-0.722333
-0.717501
-0.716419
-0.714657
-0.719298
-0.728143
-0.696897
-0.688768
-0.683377
-0.674061
-0.658098
-0.667449
-0.687215
-0.662233
-0.692117
-0.687267
-0.707103
-0.695973
-0.668356
-0.678858
-0.701032
-0.670292
-0.726346
-0.691053
-0.688297
-0.672089
-0.68793
-0.68397
-0.675108
-0.70077
-0.696618
-0.665722
-0.695449
-0.7089
-0.667379
-0.725142
-0.673712
-0.688785
-0.687756
-0.675579
-0.721409
-0.663785
-0.667187
-0.681562
-0.680219
-0.678736
-0.665373
-0.692955
-0.668496
-0.701974
-0.681562
-0.703352
-0.684301
-0.68397
-0.679329
-0.671112
-0.67202
-0.693356
-0.67284
-0.698223
-0.682731
-0.707975
-0.700683
-0.679137
-0.682592
-0.707033
-0.679434
-0.731893
-0.684005
-0.682784
-0.672369
-0.680533
-0.679748
-0.673677
-0.696165
-0.696723
-0.67106
-0.694368
-0.710924
-0.671357
-0.724898
-0.683726
-0.691332
-0.693338
-0.683953
-0.725282
-0.673031
-0.678841
-0.69531
-0.688349
-0.682993
-0.672979
-0.696269
-0.6783
-0.70658
-0.689308
-0.715268
-0.731719
-0.717344
-0.706649
-0.711534
-0.742152
-0.709493
-0.744472
-0.70555
-0.686709
-0.675282
-0.689204
-0.7089
-0.680184
-0.710313
-0.701904
-0.683883
-0.710296
-0.736307
-0.687145
-0.735627
-0.670345
-0.686011
-0.707661
-0.6727
-0.724322
-0.667117
-0.699409
-0.688977
-0.692169
-0.707086
-0.67031
-0.703335
-0.702742
-0.72673
-0.694001
-0.716925
-0.697665
-0.673188
-0.68868
-0.713366
-0.675962
-0.731911
-0.733341
-0.708202
-0.733115
-0.758673
-0.709615
-0.767936
-0.691803
-0.710156
-0.730515
-0.692518
-0.759353
-0.677236
-0.711168
-0.692536
-0.730201
-0.720833
-0.678649
-0.740076
-0.712162
-0.75862
-0.730393
-0.700718
-0.673241
-0.706423
-0.722106
-0.675596
-0.731719
-0.667658
-0.689814
-0.691855
-0.670153
-0.724531
-0.666071
-0.673799
-0.679277
-0.682156
-0.690268
-0.668565
-0.701974
-0.675596
-0.71197
-0.683708
-0.687878
-0.722176
-0.734999
-0.688314
-0.758254
-0.690582
-0.715582
-0.686447
-0.718286
-0.739029
-0.691925
-0.746548
-0.716716
-0.758533
-0.719524
-0.681371
-0.688052
-0.690425
-0.714936
-0.706754
-0.681876
-0.733847
-0.688
-0.741681
-0.715198
-0.683953
-0.686604
-0.68547
-0.698834
-0.704992
-0.697107
-0.684738
-0.717309
-0.685802
-0.704905
