1 0.7643005167969 0.8715354924691
2 0.237070010986 0.1290752644207
3 0.2370700107993 0.129075264324
4 0.2370699276265 0.1290752208343
5 0.2370498288291 0.1290646371479
6 0.2339295875549 0.1274214715129
7 0.195135466133 0.1545683001958
8 0.1012432100036 0.07388485800767
9 0.1289311273184 0.08920869900194
10 0.1731300822868 0.09678924479003
11 0.3434113288398 0.2240460307337
12 0.2317544345684 0.1264153414366
13 0.09284829116266 0.05410836126607
14 0.1834087071894 0.1132247772754
15 0.1944102701069 0.1074488513577
16 0.2009217321333 0.1234484946192
17 0.1960889693623 0.1082310550312
18 0.1655445270254 0.1026525144547
19 0.1737581058762 0.09677072005152
20 0.1792071404737 0.1092451401181
21 0.1760740723814 0.09782882583786
22 0.1577666395469 0.09747946905378
23 0.1592109031143 0.08911852865202
24 0.151735161475 0.09162637937157
25 0.1511177342643 0.0846858462578
26 0.142186829877 0.08674003154632
27 0.1408337122259 0.07930328934589
28 0.1304155693059 0.0784058984474
29 0.1288033294054 0.07276819467256
30 0.1201935557765 0.07248952195587
31 0.1179043439565 0.06690738021218
32 0.1089667959036 0.0653406748935
33 0.1061687378524 0.06048883419558
34 0.09779362095489 0.05857704612228
35 0.09454887887389 0.05410531834198
36 0.08651530988889 0.05169123565708
37 0.08290298439461 0.04764548387856
38 0.07532246156095 0.04493044022113
39 0.07144600773842 0.04123773882993
40 0.06436324167918 0.03834455481782
41 0.06033687284302 0.03497072557705
42 0.05382109472032 0.03204784326624
43 0.049776470874 0.0289636815144
44 0.04389894999065 0.02615614087492
45 0.03997955289842 0.02334823415575
46 0.03480703666487 0.02079072463934
47 0.03115856296218 0.01826022500546
48 0.02674086232238 0.01606460643932
49 0.02349537901201 0.01382338319816
50 0.01985294031181 0.0120673646482
51 0.01711028014348 0.01013105976089
52 0.01422562959882 0.008850553587086
53 0.01203813514341 0.007232186676971
54 0.009855140888342 0.006418389122547
