0.00211444 0.00110265
-0.0016766 -0.00261399
3.01915e-05 -0.00169332
0.000693302 -0.00202767
0.000515714 0.000394088
0.00146529 0.00139385
0.000936838 0.000543975
0.00151292 -0.00012398
-0.00133598 -0.00195389
0.00152222 0.00125651
-0.00306147 -0.00418899
-0.00151572 -0.00176569
-0.0011448 -0.00274696
-0.0021252 -0.0033657
-0.00134401 -0.00293151
0.000225351 -0.00196422
0.00082019 -0.00161948
-0.00016684 -0.000812293
0.00108582 0.000398764
0.000216108 -0.000180898
0.00186766 0.00168021
0.000737512 0.0010501
0.00116716 0.000854005
0.00357757 0.00336152
-0.00174886 -0.00211743
-0.00349738 -0.00382415
0.00349304 0.00335297
0.00290289 0.00142397
0.00741999 0.00390229
0.00296933 0.00120121
0.00173547 -1.03566e-06
0.00110223 -0.00017276
0.00162665 0.000149385
0.00208061 -4.91965e-05
0.00111235 0.000225323
0.000668764 -0.000602175
0.00176363 -2.52742e-06
0.00241015 -0.000373258
0.0033036 0.00223532
0.0014577 0.000893957
0.00129646 -1.76267e-05
0.00440223 0.00259105
0.000884967 -0.000808429
0.00202546 -0.000887397
0.00212251 0.00143334
0.00103648 0.000431522
-0.00214446 -0.00388811
0.0012927 -0.000400786
0.00271097 0.00135014
0.00163895 0.00145223
0.00124869 -0.000332965
0.00154388 0.000585863
0.0014834 0.00131369
0.00936876 0.0128382
0.010977 0.0144659
0.000330673 -0.00228031
0.000598726 -0.00259041
0.00159712 0.000345478
0.000637968 -0.00207869
0.00123369 -0.00141359
-0.000803276 -0.00223572
-8.35939e-05 -0.00227256
0.000452237 -0.00153014
0.0145849 0.0170995
-0.000982292 -0.00187602
0.000610531 -0.00141313
0.00871891 0.0117091
0.00070032 -0.000781713
5.9854e-06 -0.00147964
0.00342536 0.00227858
-0.00104349 -0.00192109
0.00032489 -0.00218634
0.00130263 -0.00171288
0.00352127 0.00215772
-0.00112672 -0.00142481
-0.000612142 -0.00163583
-0.000954483 -0.00158576
-0.00105258 -0.00142019
0.0111132 0.0132514
0.000549789 -0.000840553
0.000710007 -0.00140803
0.00153258 6.62812e-05
0.000386433 -0.00173426
0.00187707 -0.000194973
-0.000198829 -0.0011285
0.000899677 -0.00135201
0.00170403 -0.00113314
0.00858233 0.0113736
-0.000306603 -0.00118124
0.00100091 -0.00106047
0.0106752 0.0146177
0.00153939 -0.0008701
0.00108549 -0.00148188
0.00267276 0.00250099
7.88261e-05 -0.00101235
0.00144367 -0.00110795
0.000506062 -0.00103168
0.00363505 0.002303
-4.31942e-05 -0.000420729
0.000761414 -0.000901102
0.000510021 -0.000769087
-8.47977e-05 -0.000508006
0.000472192 -0.00160225
0.000892963 -0.0019853
0.00250546 2.58275e-05
0.00127696 -0.00143097
0.00165927 -0.000477652
-0.00029722 -0.00164032
0.000886504 -0.00169953
0.000691891 -0.00147824
0.0103039 0.0105774
-0.000207737 -0.00140964
0.000943569 -0.00178426
0.00944282 0.0114642
0.00146034 -0.00107567
0.000753239 -0.00151712
0.00310004 0.00085824
-0.000247867 -0.00109888
0.000723165 -0.00131329
0.00136011 -0.00140509
0.00291412 0.00144442
-0.000381826 -0.000887584
0.000335553 -0.00114606
0.000113592 -0.00101882
-0.000389046 -0.00080134
-0.00224704 -0.0022629
-0.00190575 -0.000795518
0.00147824 -2.67595e-05
0.000994865 -0.000590462
0.000740763 1.58341e-06
0.00112571 -0.000922451
0.000141139 -0.00119513
0.001164 -0.00066819
-0.00144895 -0.0019011
0.000985394 0.000217973
0.00122799 -0.00147227
0.0010194 -0.00104635
-0.000598548 -0.000960928
-0.00122032 -0.000771734
-0.00463016 -0.00465319
0.00148275 0.000134663
-0.00351279 -0.002515
0.000502386 0.00023875
0.00238377 0.00210775
-0.000319632 -0.00151378
-0.000164199 -0.00096169
0.00217789 0.00187699
-0.00367441 -0.00269239
0.00121867 0.00082917
0.000530588 -6.18588e-05
-0.000330256 -0.000976065
0.000558034 -8.7279e-05
-0.00040535 -8.16228e-05
-0.000224455 -0.00214847
0.000877987 0.000771774
0.00116928 0.000698075
0.000740547 -0.00188096
-0.00062585 -0.000460399
-0.00139101 -0.00109642
-0.00293316 -0.00201549
-0.004277 -0.00378267
-0.000777861 -0.00187087
-0.00531455 -0.00517079
-0.000343009 -0.00043104
0.00259744 0.00224788
-0.00163187 -0.00161207
0.000763711 0.000457329
0.00226272 0.00202974
0.000530821 -0.000143888
0.000996543 -0.000647945
-0.000527763 -0.000990096
0.000729494 -0.0003582
-0.000411969 -0.00118727
0.00382307 0.000913426
0.000415734 -0.00043998
0.00037555 -0.000186221
0.00309435 0.000899985
-0.000409156 -0.000507421
-0.00088855 -0.00134711
0.000237426 0.000794715
-0.00324547 -0.00251092
0.000146628 -0.000583906
-0.00289448 -0.00165711
0.000770751 0.000656418
0.00135164 0.00118469
-0.000854068 -0.00124757
0.000390079 3.23653e-05
0.00133089 0.00119481
-0.00144374 -0.00305159
-0.000453608 -0.00102211
-0.0004225 -0.00171195
0.00126376 1.61987e-05
-0.000407278 -0.00156323
0.00140553 0.000863338
-0.00120851 -0.00199319
0.00104403 -0.00134571
0.000205856 -0.00137423
7.6554e-05 -0.000559007
0.000979376 -0.000466285
0.00150541 0.000834541
0.000819531 0.000225286
0.000930751 0.000565407
0.0010313 8.93986e-05
0.00247376 0.00236827
0.000382984 -0.00112616
0.00151407 0.000560045
0.00245252 0.00228709
5.06581e-05 -0.000262956
-0.00163088 -0.00420376
-0.000202567 -0.00196823
0.0007758 -0.00100476
0.00040422 -0.000276642
-0.00181536 -0.00267504
0.00167476 -7.47373e-05
-0.00369004 -0.00439916
-0.00150848 -0.00267473
1.66199e-05 -0.000591052
0.000440395 -0.000275669
-0.000237955 -0.000568389
0.000138844 -0.000284534
0.000385228 -0.000240801
0.00239472 0.00211805
-0.00196547 -0.00353627
0.000610707 -0.000529929
0.00241965 0.0021027
0.000134696 -0.000639807
0.000921208 0.000554718
-0.00135918 -0.0022528
0.00120326 0.00126086
0.000639181 0.000413525
-0.000374278 -0.00156653
-0.000266629 -0.000969544
-0.000285435 -0.000558531
-0.00126094 -0.00200896
0.000128412 -9.66762e-05
-0.000164676 -0.000770582
-0.00061008 -0.00131568
0.000633896 -0.000272893
0.00277442 0.00249584
-0.000920158 -0.00107143
0.0010135 0.000738932
0.00218795 0.00189868
-0.000302009 -0.00172315
-8.60548e-05 -0.00226741
-0.000735827 -0.00202872
-0.00283282 -0.00380702
0.00047249 -0.00168287
-0.00226535 -0.00445766
-0.00110946 -0.00328899
-6.59187e-05 -0.00056513
-9.78404e-05 -0.00138596
4.70255e-05 6.62606e-06
5.05524e-05 -0.000398753
0.000735797 0.00016397
0.00288573 0.00250358
-0.0046163 -0.00710531
-0.00204915 -0.00315888
0.00284025 0.00254825
0.000123489 -0.00121257
-9.87401e-05 -0.000683168
0.000714162 -0.000576862
0.00158965 -0.00113656
-0.00077181 -0.00333133
-0.00224029 -0.00385146
0.000353597 -0.000413981
-0.000407967 -0.00097026
0.0010088 1.80367e-05
-0.00106333 -0.000856735
0.000637763 0.000425958
0.00233508 0.00218046
-0.00145265 -0.00264984
-0.000935029 -0.00171845
0.00216106 0.00195324
-0.00107823 -0.00215983
0.000280591 -0.0002936
0.0077412 0.0102086
0.000564497 -0.0011713
0.000452041 -0.00128244
0.00231392 0.00193913
-0.000811819 -0.00198294
0.000253283 -0.00198962
0.00152601 -0.000797299
0.00252415 0.00162215
-0.00127732 -0.00155094
-0.000678873 -0.00185643
-0.00133827 -0.00154306
-0.00125095 -0.00148677
0.000943962 -7.5077e-06
-0.000741119 -0.00100763
0.000253874 -0.000579321
4.92246e-05 -0.000204832
0.000543705 -4.66803e-05
-0.00365575 -0.00411837
0.00152984 0.00147187
-0.000162013 -0.000450355
0.0010173 0.000576001
0.00301383 0.00274241
-0.00223626 -0.00281424
-0.00687425 -0.00727589
0.00266478 0.00247579
0.000671961 -0.00113431
3.2774e-06 -0.00174044
-9.41672e-05 -0.0013847
0.00033105 -2.30781e-05
0.000970331 0.000455754
0.000835195 0.000704321
0.000751726 0.000480457
0.000878166 0.000240991
0.00231264 0.00214741
-0.00036525 -0.00190275
0.000452192 -0.000321505
0.00229658 0.00210466
0.000830768 -0.000548229
0.000506338 -0.00117998
0.00425279 0.00228343
-0.000497609 -0.00114916
0.000939597 -0.00164664
0.00145237 -0.00102747
0.00428605 0.00202571
-0.00040261 -0.000731941
0.000335352 -0.00107474
-8.05359e-05 -0.000872634
-0.000429902 -0.000792503
-0.0041839 -0.0062178
-0.000425483 -0.000773538
-0.000216974 -0.000850292
-0.00133487 -0.00158879
-0.00121902 -0.00067268
0.000155361 -0.000144543
0.00218201 0.00199807
-0.00261431 -0.00442478
0.000227036 -0.00134327
0.00217829 0.00202854
-0.00147533 -0.00160159
-0.00105449 -0.00138465
-0.00104421 -0.00102147
-0.00176133 -0.00151132
-0.000109955 -0.000291385
0.00230921 0.00214989
-0.00267511 -0.00383963
-0.000266984 -0.000952176
0.00228658 0.00213118
-0.00237154 -0.00215445
0.000461143 -0.00138036
-0.00271281 -0.00210358
0.00271771 0.00177156
0.000987375 0.000723918
-0.00130866 -0.00151502
0.000633283 9.1665e-05
0.000749702 0.000410067
0.000935415 0.000546119
-0.00600593 -0.00550597
-0.000205685 -3.5397e-05
0.00271209 0.00255513
-0.00269045 -0.00306262
-0.00354746 -0.00394994
0.00241772 0.00210894
-0.000378055 -0.00100394
0.000875232 -0.000996672
0.00239645 0.00216013
-0.000808429 -0.00101974
0.000926849 0.000780088
0.00214225 0.00199722
-0.000361496 -0.000267218
0.00188489 0.0017075
-0.00222993 -0.00213661
5.0295e-05 -0.000382858
0.0015739 0.00145954
0.00110971 0.00100806
-0.000300361 9.24602e-05
0.000599409 0.000785015
0.000872405 0.000799396
0.00254928 0.00224904
0.00263975 0.00228257
-0.000499166 -0.000876561
-0.00428157 -0.00507466
0.00254347 0.00223501
0.00241735 0.00213685
0.00126761 0.000554779
-0.000602774 -0.00247494
0.0011873 0.000402512
0.00148873 0.000284114
0.000774991 0.000184572
0.00091499 2.3935e-05
0.000743735 7.84059e-05
-0.0011984 -0.00178223
0.00102416 -0.000247695
-0.00195383 -0.00375286
-0.000740384 -0.00167531
0.000925055 0.00029985
-0.00123452 -0.00290762
-0.000803412 -0.00284632
0.000439041 -0.000720491
-0.000765642 -0.00208536
-0.00101269 -0.00143017
0.000641359 -0.00101643
-0.000484872 -0.000897787
-0.00470011 -0.00471979
0.000827443 6.22518e-05
-0.0030783 -0.00384698
0.00350076 0.00328246
-0.0013457 -0.00263938
-0.00285945 -0.00373605
0.00331567 0.00312232
-0.000937205 -0.00261911
-0.000379291 -0.00179545
0.00121226 0.000268212
0.00148542 0.00153751
0.00111854 0.000580014
0.0013559 0.00018367
0.00013605 -0.00152067
0.00187716 0.00110836
-0.00190527 -0.00352259
-0.00150047 -0.00180849
-0.000300617 -0.00237588
-0.00146734 -0.00334247
-0.00153146 -0.00280555
-0.000378642 -0.00172569
0.000593521 -0.00184392
-0.000112275 -0.000662993
0.00104642 0.000271207
0.000228433 -0.000357591
0.00176492 0.0015682
0.000828222 0.000611322
0.000456514 -8.61408e-05
0.00338054 0.00314104
-0.00111428 -0.00205019
-0.00257936 -0.00380978
0.00329042 0.00310123
-0.000728647 -0.00327444
0.00119968 0.000302988
0.00169729 0.00184045
0.00162922 0.000647189
0.00177289 0.000138032
0.000224746 -0.0018551
0.00142484 0.00096891
-0.00177023 -0.00362346
-0.00134153 -0.00162631
0.000296066 -0.00182952
-0.000956232 -0.00281923
-0.000975149 -0.00291739
-0.00243979 -0.00389482
0.000534436 -0.00159299
0.000109641 -0.000942896
0.00152054 0.000515103
0.000390653 -0.000359452
0.000905577 0.0005949
0.00116645 0.000781663
-0.000460788 -0.000844557
0.00328857 0.00313904
-0.000764949 -0.00203007
-0.00260441 -0.00355793
0.00318027 0.00299022
0.000854002 0.000369515
0.00163853 0.00138018
0.000627908 0.000587239
0.00103051 2.80899e-05
-0.000575136 -0.00150186
0.00124813 0.000952871
-0.00221312 -0.0037283
-0.00104472 -0.00161446
0.000646338 -0.00127749
-0.00116007 -0.00304879
-0.000482853 -0.00257869
-0.000658722 -0.00257975
0.000453079 -0.00134502
0.000234109 -0.000686588
0.00116235 0.000791794
-0.000254479 -0.00052839
0.00151372 0.00153762
0.00107522 0.00104132
1.73284e-05 -6.44673e-05
0.00298733 0.00284978
-0.00138223 -0.00215104
-0.00273461 -0.00368923
0.00291104 0.00281868
0.00330906 -0.00158787
0.00254727 -0.00210955
0.00296288 -0.000228068
0.00309392 0.000877926
0.00289859 -0.000575152
0.00463112 0.00239891
0.00207069 0.00241634
0.00100608 0.000253177
0.00320619 0.00487404
0.00242608 0.0010359
0.000471865 0.000228447
0.00316429 0.0023897
0.00201131 0.00142012
0.000728771 -0.00148724
0.00470803 0.00235196
0.00246512 -0.000307742
0.00248647 -0.000971605
0.000715787 -3.30406e-06
0.00180178 0.00132696
0.00302015 0.00289041
0.00166128 0.00445111
0.00142151 0.00127155
-0.000400785 -0.00425575
0.00243039 -0.000265301
0.00165928 -0.00113358
0.0022757 -0.00132165
0.00223316 -0.00111869
0.00115764 -0.00091309
0.00104341 0.000934962
0.00127577 -0.000814414
0.00101856 -0.00182334
0.000864167 0.00117953
0.00196565 -0.000843314
0.00154666 -0.00129699
-0.00431772 -0.00523505
0.00238779 -0.00113344
0.000140506 -0.00117297
-0.00238596 -0.00474864
-0.00103759 -0.000883623
0.00261353 0.00195012
0.00217488 -0.000976273
0.000396034 -0.000668426
0.00188696 0.00166901
0.00283331 -0.000327105
0.00223844 -0.00083923
0.00140435 -0.000964472
0.000742706 -0.00228128
0.000336312 -0.000286806
0.000872229 0.000262607
0.000719065 -0.00117284
0.00104557 -0.0015528
0.000724056 0.000252005
0.00206066 -0.00103026
0.000265054 -0.00104061
-0.00312166 -0.00480522
0.0018672 -0.00183096
0.00109231 -0.000246236
-0.000179966 -0.00324313
-0.000662875 -0.000688971
0.00259421 0.00204646
0.000493907 -0.000973743
-0.000990857 -0.00108987
0.00228354 0.00195782
0.0102653 0.0081305
0.00246184 0.000280611
0.00833116 0.00711042
0.000791976 0.00136581
0.000916844 -0.000249344
0.00322575 -0.000696238
0.00783382 0.00799452
0.00102026 -0.000186841
0.00515245 0.00527492
0.002826 0.00291597
0.00150871 -0.000378083
0.00251943 5.12172e-05
0.00118468 -0.00036878
0.00228168 -0.000345404
0.000201923 -3.52644e-05
0.00128428 0.000987621
0.00450644 0.00401221
0.00169891 0.000481234
0.0011591 0.000993521
0.00308697 0.000797713
0.0141646 0.0203257
0.00515908 0.00939442
-0.000529768 -0.00125827
0.00720287 0.00505966
0.0123655 0.0168496
-0.000688741 -0.00127022
0.0126508 0.0161136
0.00622583 0.0105587
0.000366663 -0.000838531
0.00407927 0.00238245
0.000800023 -0.000248238
0.00241957 0.000410144
-0.000779383 -0.00137301
-1.51721e-05 -0.000551484
0.0110182 0.0129184
0.00588553 0.00769765
-0.000204501 -0.000451597
0.00472621 0.00230352
0.00135491 -0.000674369
0.0011415 0.00100089
0.00516276 0.000134166
0.00333156 0.000493815
0.00106366 0.000674152
0.00234421 0.00111735
0.00171855 -0.000153578
0.000598016 -0.000699968
0.00564891 0.000119417
2.1389e-05 -0.00111002
0.00318879 -0.000872983
0.000141103 -3.30448e-05
0.00131539 0.00091425
0.00310885 0.00221089
0.00314108 0.00176875
0.000804583 0.000437364
0.00830654 0.0126875
-0.0015893 -0.00305534
0.0167092 0.0175068
0.0230309 0.0240501
-0.00175566 -0.0023657
0.011622 0.0217803
0.00749936 0.0145144
-0.000394748 -0.00229271
0.00834231 0.00821598
0.000734568 -0.000716204
0.00163907 0.000685394
-0.00207612 -0.0027741
-0.00186282 -0.00239991
0.024663 0.0282109
0.021963 0.0227509
-0.00206332 -0.00228032
-0.00132281 -0.00167654
0.0069516 0.00725039
0.00481914 0.00778482
-0.000898074 -0.00166469
0.00707751 0.0118569
0.00921993 0.0108347
-0.00033794 -0.0015448
0.00355784 0.00411517
-0.00100767 -0.00133363
0.000671289 0.000575646
-0.000870276 -0.0010532
-8.38826e-05 -0.00061587
0.00586112 0.0109738
0.0115873 0.0108775
-0.000456903 -0.00066863
-0.00145468 -0.00255178
-0.00151009 -0.00224699
0.00024337 -0.000892072
-0.000530194 -0.00135631
0.000131494 -0.000544166
0.000786205 0.000237841
-0.000347879 -0.000773798
0.00145165 0.001144
0.000372756 0.000271511
0.000613035 -9.2399e-05
0.00258762 0.00238622
-0.00115537 -0.0016809
-0.00279861 -0.00298322
0.00253043 0.0023279
0.00848793 0.0067413
-0.00151991 -0.00279853
0.00696089 0.00748715
0.00418324 0.00477711
-0.00100759 -0.00166177
0.0108392 0.015286
-8.73389e-05 -0.00148561
0.00161615 0.000713835
-0.00136311 -0.00197003
-0.00141091 -0.00194011
0.0142311 0.0169264
0.0265423 0.0330422
-0.00142257 -0.0019844
-0.000908815 -0.00175541
0.00874727 0.0128478
0.00501881 0.00798432
9.32512e-05 -0.0020592
0.00336182 0.00175491
-0.000228649 -0.00100338
0.00159486 -0.00138724
-0.00100278 -0.00219199
-0.00129567 -0.00157549
0.0107216 0.0122175
0.00927589 0.00854237
-0.0013591 -0.00156629
-7.60398e-05 -0.00120196
0.000104657 -0.000955413
0.000117294 8.96558e-05
4.36519e-06 -0.000369449
0.000124654 0.000460665
0.000639877 0.000527492
-0.000655276 -0.00071855
0.00252204 0.00235985
-0.00129435 -0.0016838
-0.0025887 -0.00312956
0.00243566 0.00228886
0.00771405 0.0139816
-0.000340393 -0.00175858
0.00347807 0.00379466
0.000678123 -0.000964444
0.00157853 -0.000174161
-0.000587773 -0.00143424
0.000302375 -0.000218571
0.00852393 0.0148839
0.00690335 0.0101555
0.000144626 -0.000173717
-0.00116418 -0.00207296
0.00254756 0.00299477
-0.000359813 -0.0012129
0.000466334 -0.00024264
-0.000475244 -0.00125174
0.000840766 0.000232278
0.00691841 0.0114008
0.00714122 0.00792998
0.000656922 0.000265983
-0.00173757 -0.00135702
5.69819e-05 -0.000950826
-0.00489667 -0.00518035
-0.00356247 -0.00388455
0.00248219 0.00222103
-0.0012757 -0.00200663
-0.00207518 -0.00224513
0.00209259 0.00189737
0.000967121 -0.000778509
0.00223595 0.000592614
-0.000576507 -0.000808613
0.000782048 0.000151179
0.00784348 0.00947113
0.0116373 0.0166764
0.000492547 -0.000166338
0.00085402 -0.000575168
-0.00125319 -0.00103296
0.00202953 0.00180666
0.00030259 -0.000218579
-0.00031446 -0.00140739
0.00179837 0.00171436
-0.00110437 -0.00132424
0.00184076 0.00150217
0.00221489 0.00104997
0.00118973 0.00134114
0.0013437 0.00123747
0.00258921 0.00242356
-0.00174096 -0.00185076
-0.0024999 -0.00230749
0.00233287 0.00224766
-0.000680527 -0.00115842
-0.00225569 -0.00272144
-0.000446486 -0.000910557
0.0189648 0.0260921
-0.000951711 -0.0010873
-0.00220897 -0.00264566
0.00763188 0.00617457
0.0050091 0.00150169
0.00125922 -6.53849e-05
0.000364506 -0.000253166
8.66902e-05 -0.000253899
0.00122561 -0.000104679
0.00129913 -0.000485117
0.000670992 -0.000580843
0.0010126 -0.000202212
0.00142814 -0.000227573
0.00197955 0.00248526
0.00125026 0.000815707
0.00142918 0.000171926
0.00427288 0.00173836
6.90188e-05 -0.000597205
0.00110862 -0.000217121
0.000964992 0.000880546
0.00110517 0.000316446
-0.00213943 -0.00358689
0.000217259 -6.34912e-05
0.00256841 0.00309311
0.00156509 0.00138011
0.00124208 -0.000362176
0.00169849 0.00064516
0.00147753 0.00130577
0.00995952 0.00664267
5.98664e-05 -0.00233882
4.11417e-05 -0.00213323
0.000503469 -0.00103068
7.26572e-05 -0.00229447
0.000230252 -0.001022
0.000491542 -0.00244383
-0.000359481 -0.00167642
0.00122339 -0.00206868
0.00515732 0.00559741
-0.000463501 -0.00199944
5.53779e-05 -0.00121432
0.0143571 0.0122401
-0.000191051 -0.0010886
0.000430683 -0.000461124
0.00302782 0.00268368
-0.000606041 -0.00191936
0.00358095 0.00241302
-0.000274335 -0.00179833
0.0122023 0.0124756
-0.000873483 -0.00122843
-0.000122818 -0.00209215
-0.00013997 -0.00166114
-0.00078461 -0.00134936
0.000637342 -0.000310162
0.000862872 -0.000703338
0.00107223 -0.000337389
0.00124904 -0.000201341
0.00119449 -0.000253211
0.000937392 -0.000665409
0.00133396 2.69504e-05
0.000967374 -0.000233375
0.00149492 0.00236293
0.00113339 0.000471553
0.00134968 5.44657e-05
0.00626254 0.00401876
-0.00010848 -0.00107685
0.000195232 -0.0010898
0.0011844 0.000252276
0.000466264 5.68567e-05
-0.000317298 -0.00354722
0.000810861 -0.000645407
0.00465845 0.00334343
0.00148404 0.00116082
0.00116715 -0.000458385
0.00121262 0.000436135
0.00127277 0.00105442
-0.00158463 -0.00190767
-0.00092014 -0.00178986
0.00179331 -0.000159419
0.00246899 -0.000420326
0.000273038 -0.000104821
0.00186611 -0.000998051
0.000764383 -0.000844842
0.00160692 -0.000528211
-0.000586063 -0.00162423
0.00191564 7.01498e-05
0.000873178 -0.000917405
0.00197747 -0.00106142
0.00139239 -0.000779288
0.00118676 -0.00169716
-0.00235363 -0.00351235
-0.00233103 -0.0020139
-0.00154183 -0.00253264
-0.0013514 -0.00192939
0.00237466 0.00213298
0.00143006 -0.0011482
0.000794393 -0.00114442
0.00215626 0.00186281
0.00186256 0.00172144
0.0013831 0.000109918
0.000535661 0.000350485
0.00188687 0.000413136
0.000247037 0.000261089
-0.000136134 0.000103458
0.000463732 -0.000442627
6.06127e-06 -0.000225193
0.000599651 4.96696e-05
0.000530998 -0.000862208
0.000535383 0.0012424
-0.000249405 0.000911014
0.00567367 0.00486983
-0.00140049 -0.00163155
0.00549937 0.00648002
-0.000594007 0.00161847
0.00448485 0.00374609
0.00150128 0.00122478
-2.61209e-05 0.0010129
-0.000249273 -0.000381584
0.00146106 0.000991715
0.00216697 -0.000346793
0.00176512 -0.000356438
0.00223287 -7.47451e-05
0.00182835 0.000210159
0.00115488 -0.000282626
0.000849968 -0.000547409
0.000439899 -0.000289007
0.00106814 0.000179351
0.00249204 -0.000160696
0.00179058 0.000317319
0.000682223 0.000388967
0.00470447 0.00437901
-0.000414941 -0.00106593
0.00432397 0.00283235
0.000410081 0.000908206
0.00540175 0.00294529
0.00128509 0.0010914
0.0017705 5.32255e-05
0.00050075 -0.00019002
0.00124591 0.00101019
0.00174498 -0.00167717
0.000314708 -0.000507397
0.000268775 -0.000834975
0.00178395 0.000222306
0.000942231 -0.000264223
0.00150717 0.000703639
-0.000445214 -0.00168574
0.00151002 -0.000553407
0.00264242 -0.000646938
0.00131332 -0.000304681
0.00218448 -0.000922809
0.00104697 0.000533047
0.000237783 -0.00110929
0.00107689 -0.000117847
0.000568092 -0.00216087
0.0021736 0.00200056
0.00151684 -0.000563864
0.00120984 0.000557355
0.00207087 0.00196781
0.00232651 -5.65662e-05
-0.0012479 -0.00178033
0.000899774 -0.00122983
0.000975195 0.000214482
0.000158666 -0.000591434
9.09318e-05 -0.00173195
0.00112438 -0.000664198
0.00400317 -0.000397447
0.00195835 -0.000510307
0.00226629 -0.000542748
0.000629642 -0.000294018
0.00116946 0.00109989
0.000939685 -0.000262521
-0.000145326 -0.00155885
0.00180433 0.00155971
0.00112717 -0.000507073
0.000148718 -0.000545849
0.00175105 0.00150882
0.000876649 -0.000355478
0.000297269 -3.64819e-05
0.000777434 -0.000908166
0.000166462 4.46348e-05
0.00104415 0.000224178
0.00152947 -0.00102807
0.00411537 0.000537119
0.00116488 0.000309489
0.00358839 0.000286757
-0.000487679 -0.000244876
0.00884592 0.00325972
0.00162854 0.000451404
0.00347682 -0.000233025
0.00158874 0.00104859
0.00152398 -6.30703e-05
-4.21114e-06 -0.000249234
0.00063293 0.000520038
0.000396052 -0.000893301
0.00111839 -0.000401251
-0.000673877 -0.00213033
-0.00132569 -0.00265244
0.000954585 -0.000849064
-0.000446638 -0.00138345
0.000602118 -0.000531562
0.00129091 -0.000659227
0.00041999 -0.00109011
-0.00072187 -0.000104879
0.00139808 3.16621e-05
-0.00138683 -0.00266676
0.00221467 0.00184529
-0.00179668 -0.00210577
-0.00143112 -0.00306889
0.0020983 0.00181223
0.0016227 -0.000370605
0.000205339 -0.00064997
0.00120807 -0.000725663
0.00109993 -0.000888265
0.000155281 -0.00102652
0.000409619 -0.00174367
0.000825387 -0.000549195
-0.000366023 -0.000957557
-0.00122813 -0.0013051
-0.000165713 -0.000335934
-0.00142816 -0.00209739
0.00220286 0.00202514
0.00035964 -0.00154888
-0.000600312 -0.00155854
0.0019525 0.00176627
0.00103536 0.000370857
0.000600049 0.000164947
0.00286511 0.00257374
0.0010265 8.47358e-05
0.00201477 -0.000126416
0.00191846 0.000787849
0.000986621 -0.000189951
-0.00152995 -0.00280914
0.000748296 -0.000447069
0.00236382 0.0022913
0.00115566 0.000892032
0.000746395 -0.000233475
0.00113462 0.00025662
0.00104251 0.000772164
0.000866877 -0.000243107
0.000382601 -0.00035547
-0.000254299 -0.00124289
8.75402e-06 -0.00118439
1.66894e-05 -0.00108493
-0.00316832 -0.00391421
-0.00345483 -0.00390328
0.000334503 -0.000640179
-0.00259149 -0.00296625
0.00272458 0.0024711
-0.00191793 -0.002878
-0.00510139 -0.00623992
0.00238385 0.00213736
0.000767408 -0.000569888
0.00123741 -0.00173089
0.00105371 -0.0008832
0.00119148 -0.0010344
0.000799659 -0.00016077
-0.00221979 -0.00221956
0.00093202 -5.17048e-05
-0.00136541 -0.00210463
0.00216873 0.00194178
0.000815254 -0.00108823
0.000380612 -0.000635603
0.00207261 0.00186503
0.000671866 -0.00092537
0.00106514 -0.000650443
0.00456874 0.00247553
-0.000129143 -0.000585941
0.00501793 0.0014943
0.00122108 -0.00104189
0.00880057 0.00803093
0.000482165 0.000204096
0.000392419 -0.000907262
0.000537957 -0.000162163
0.000497887 8.33234e-05
0.00318699 0.00216831
0.00311991 0.00119439
5.52813e-05 -0.00035488
0.00664518 0.0055389
0.000671805 0.00117809
0.00155457 0.000944266
0.00123208 0.00102607
0.00163303 0.000556777
-0.000325333 -0.00155432
0.00123662 0.000946605
0.00155355 0.0019673
-9.87108e-05 -0.000731465
0.00321508 0.00462113
-0.000146623 0.000660905
0.00111301 0.00192506
0.00116045 0.000914004
0.000620417 0.000431563
-0.000107938 -0.00132302
0.00108191 0.000927432
0.000636466 -0.000674834
0.00925672 0.00749154
0.00422201 0.00471198
0.0128637 0.0162561
-5.46199e-06 -0.000257002
0.00172465 0.00103152
0.000477422 -0.000902307
0.000272483 -0.000569176
-0.000915185 -0.00156137
-0.00213927 -0.00310367
-0.000389846 -0.00179731
0.0020789 0.00185743
-0.000381456 -0.00189095
-0.00241885 -0.00295174
0.00166739 0.00141444
0.00369836 0.00389706
0.0192354 0.0162693
-0.00282991 -0.00344101
0.00336883 0.00332641
-0.00220163 -0.00220456
-0.00225294 -0.00354492
0.00329408 0.00405032
0.00133873 0.00106951
0.00027766 9.28917e-06
-0.000268752 -0.000905222
0.00118927 0.000867548
-0.00235531 -0.00259481
0.000808913 -0.000270506
-0.00174953 -0.00226695
-0.00180505 -0.00269062
0.00140789 0.00110721
0.00211901 0.00182772
-0.00063343 -0.000900921
-0.00244688 -0.00425568
0.00142456 0.00108988
0.00205503 0.00162741
0.0150564 0.0163192
-0.000823041 -0.00241536
-0.000288208 -0.00224816
0.000600438 -0.00164978
-0.00040875 -0.00197523
0.000730379 -0.0019314
-0.000971245 -0.00215428
0.000217268 -0.00234244
0.00096397 -0.00151799
0.00920634 0.0140961
-0.000835865 -0.00170585
0.000104697 -0.00146079
0.0121449 0.0149395
0.000895078 -0.000887524
-0.000407685 -0.00149563
0.00221233 0.00201787
-0.000777754 -0.00160422
0.00169265 -0.00195511
0.000542972 -0.00120925
0.00666828 0.00509809
-0.00112405 -0.00126618
-0.000371457 -0.0016571
-0.000756257 -0.00158477
-0.00107869 -0.00131821
-0.000795993 -0.00208617
0.000357422 -0.00217647
0.00104406 -0.00058651
-4.40327e-05 -0.00150827
0.000670998 -0.00117679
-0.000549639 -0.00166933
0.000281884 -0.00180583
-0.00019478 -0.00153109
0.00962428 0.0113851
-0.000802511 -0.00170087
0.000816952 -0.00130358
0.00781198 0.0116742
-0.000130366 -0.00116414
-0.000810847 -0.00130237
0.00291813 0.000628765
-0.000592136 -0.00155978
0.000729333 -0.00162496
0.00131803 -0.00106628
0.00623816 0.00281134
-0.000914843 -0.00101686
-0.000629985 -0.00139078
-0.000835081 -0.00121728
-0.000918503 -0.00100838
-0.00178905 -0.00259669
-0.00194885 -0.0028445
0.00153273 0.00067353
0.000937334 -0.00020808
0.000783216 0.000338497
0.000816867 -0.000355212
0.00117871 -0.000713245
0.000193898 -0.00150093
-0.000989829 -0.00155082
0.00113643 0.000113191
-0.000151332 -0.00111037
0.00137231 -0.000774226
0.000143138 -0.00155516
-0.00082685 -0.00184272
-0.00401377 -0.00463507
0.000890323 0.000560239
-0.00323491 -0.00329644
0.00026571 -0.000507224
0.00262076 0.00236331
-4.04138e-05 -0.00121559
9.04346e-05 -0.000777531
0.00240907 0.0021887
-0.00330224 -0.00340973
0.00133473 0.0010175
0.000469723 0.000234287
-0.000377702 -0.000798916
0.000580633 0.000376095
-0.000153912 -0.000661727
0.000127253 -0.0024285
0.000792585 0.000952752
0.00102601 0.000862375
0.00190161 -0.00133996
-0.000470833 -0.00059768
-0.00100322 -0.00167599
-0.00192465 -0.00392205
-0.0040661 -0.00406327
-0.00147349 -0.00175439
-0.00507509 -0.00629987
-0.000302058 -0.000950805
0.00243642 0.0022643
-0.00165326 -0.0014688
0.000548639 0.00037997
0.00210907 0.00206357
0.000955093 0.000192824
0.000116481 -0.000216288
-0.000170123 -0.000628265
0.000927861 8.942e-05
0.000122254 -0.000543838
0.00220143 1.85691e-05
0.000793312 0.000264107
0.00029805 0.000464832
0.00225921 0.000442987
0.000838794 -0.000629373
-0.000640014 -0.0013492
-0.000480207 -0.000606476
-0.00238438 -0.00287599
-0.000382252 -0.000692417
-0.00337765 -0.00281379
0.00141211 -0.000216953
0.00172549 0.00145037
-0.000643051 -0.000774154
0.000665982 0.000297392
0.00168665 0.00146078
-0.000926701 -0.00307247
-3.48888e-05 -0.000600169
-0.000560392 -0.0011019
0.00150187 -9.18376e-05
-0.000764791 -0.00216392
0.00186101 0.00106761
-0.000759707 -0.00173686
0.000663886 -0.00101958
-0.000765861 -0.00108734
0.000302986 -0.000976297
0.00101635 -4.0835e-05
0.00141102 0.000946399
0.000431397 0.000393817
0.00106449 0.000417746
0.000726637 -0.00072739
0.0024972 0.00236441
-0.000202731 -0.000865633
0.00167125 0.000689638
0.00246472 0.00233426
0.000398774 5.08822e-05
-0.00173327 -0.00417429
-0.000434794 -0.00101609
0.000990797 -0.000681839
0.000690814 -0.000211062
-0.00115762 -0.00282644
0.00212596 -0.000344856
-0.00309998 -0.00376332
-0.0017228 -0.00246352
0.00119405 -0.000251798
0.000391777 -0.000175551
0.000106374 -0.000221623
0.000387825 -0.000303704
0.000636767 -3.64667e-05
0.0022752 0.00201861
-0.0019613 -0.0034863
0.00104244 -0.000527295
0.00228815 0.00205526
3.90099e-05 -0.000266907
0.000718122 0.000369297
-0.000816078 -0.00201664
0.00131617 0.00117851
0.000931338 0.000436183
0.000765453 -0.000956986
0.000150666 -0.00102493
-1.22783e-06 -0.000638796
-0.000443788 -0.0015709
0.000188208 8.62069e-05
-0.000328967 -0.000712849
-0.000344184 -0.00116343
0.00077508 -0.000727486
0.00262268 0.00233119
-0.00118201 -0.00108749
0.000869025 0.000582088
0.00199904 0.00177674
2.17322e-05 -0.00209106
-0.000527761 -0.00201606
-0.000626692 -0.00184492
-0.00251439 -0.00351848
0.00116928 -0.00128927
-0.0022881 -0.00476321
-0.00151102 -0.00352423
0.000800491 -0.000353915
-0.000398034 -0.00100287
-1.25969e-05 -0.0002421
3.96631e-05 -0.000275559
0.000566794 -0.000372523
0.00279052 0.00251182
-0.00455007 -0.00644341
-0.00180357 -0.00314738
0.0027375 0.00255962
0.000299586 -0.00131258
-6.61523e-07 -0.000581035
0.000719834 -0.00110528
0.00150335 -0.000506447
-0.000879191 -0.00280959
-0.00211208 -0.00359549
0.000401198 -0.000511834
-0.000761653 -0.00107035
0.000393407 7.44464e-05
-0.000305239 -0.000862757
0.000283118 -0.000383844
0.00233434 0.0020055
-0.00120552 -0.00244884
-0.000661109 -0.00130304
0.00215867 0.00184354
-0.00084414 -0.00196836
0.000893477 -0.00085524
0.00698143 0.00950851
0.000862043 -0.00113194
-0.000293823 -0.0016289
0.00281349 0.00170319
-0.00105884 -0.00192961
-0.000314088 -0.00152527
0.0001943 -0.0010303
0.00345349 0.00293578
-0.00122135 -0.00151732
-0.000569775 -0.00157359
-0.00114996 -0.0015851
-0.00120585 -0.00144428
0.00109546 -0.000177869
-7.97889e-05 -0.000790128
0.000681327 -0.000572849
0.000477691 -0.000224985
0.000873247 0.000231098
-0.00324795 -0.00394098
0.00132976 0.00134957
-0.000156384 -0.000292988
0.00067109 0.000125663
0.00282137 0.00256165
-0.00146853 -0.00242205
-0.00599157 -0.00682696
0.00248451 0.00231917
0.000799707 -0.00158847
-0.000326645 -0.00207448
-0.000220501 -0.001168
0.000791444 -0.000272731
0.000878759 0.000335089
0.000880218 0.000640919
0.000427037 0.000531267
0.000775923 -0.000369156
0.00226104 0.00208802
-0.000145532 -0.00173329
0.000605311 -0.000278037
0.00223589 0.00201002
0.00133526 -0.000496919
0.000782991 -0.000428723
0.00428534 0.00213816
-7.62238e-05 -0.000754679
0.00320774 -0.00141663
0.00190849 -0.000409026
0.00629741 0.00302421
-2.48447e-05 -0.000348447
0.0001989 -0.000886789
1.15139e-05 -0.000632851
-6.68474e-05 -0.000362225
-0.00383129 -0.00570314
0.000337216 -0.00052476
-0.000114325 -0.000791651
-0.0014252 -0.00105997
-0.000316744 -0.000673155
0.000230085 -0.000307777
0.00205436 0.00178621
-0.00312611 -0.00423478
-9.75587e-06 -0.00113814
0.00204281 0.00178144
-0.00040018 -0.00147051
-0.000894621 -0.00146894
-0.000810802 -0.000488956
-0.00107441 -0.00192001
0.000466225 -0.000687942
0.00224659 0.00201207
-0.00313729 -0.00382773
3.94773e-05 -0.000824212
0.00221422 0.00204576
-0.00220435 -0.00227129
0.000596628 -0.00137235
-0.00253432 -0.00270077
0.00357717 0.00292914
0.00118912 0.000863266
-0.00140447 -0.00114889
0.000640426 0.000258244
0.000955129 0.000659442
0.000925222 0.000422066
-0.00565678 -0.00557693
8.31577e-05 -0.000594072
0.002601 0.00241354
-0.00236791 -0.00311408
-0.00308452 -0.00353715
0.00231873 0.0020885
-0.000722369 -0.000940713
0.00125131 -0.00152788
0.0023053 0.00201929
-0.000615136 -0.001062
0.00104331 0.000547057
0.00212678 0.00187391
0.0011099 0.000148931
0.00190604 0.00166828
-0.00213697 -0.00189622
0.000105715 -0.000207765
0.00160248 0.00144303
0.000676906 0.000430874
-0.000354465 -0.000286407
0.000600296 0.000134323
0.000524242 0.000253107
0.00234775 0.0020567
0.00240717 0.00214776
-0.000461253 -0.000740907
-0.00320905 -0.00496712
0.0023351 0.00209458
0.0021909 0.00201752
-0.000934604 -0.00230034
-4.64435e-05 -0.00263185
0.00164324 -0.00085083
0.000209711 -0.00222228
0.00149498 -0.00138052
-0.00164701 -0.00262155
-6.43427e-05 -0.00243894
0.000277717 -0.00210419
0.0085299 0.0112423
-0.000936471 -0.00255867
0.0010131 -0.0015413
0.0186695 0.020566
-0.000180587 -0.00221265
-0.000326344 -0.00224477
0.00253824 0.000838997
-0.000659194 -0.00234066
0.00225809 -0.00176415
0.000129495 -0.0020483
0.00707819 0.0045455
-0.00163977 -0.00186854
-0.000519574 -0.00216164
-0.000917918 -0.0019849
-0.00143624 -0.00185342
-0.00230625 -0.00264539
-0.00209787 -0.00278058
0.00209347 0.000623652
0.00124298 -0.000453066
0.000359137 0.000320531
0.00176792 -0.000566653
0.00127593 -0.00105839
0.000579481 -0.0010669
-0.00054173 -0.00166072
0.00124249 -0.000180413
-0.00166272 -0.00303202
0.00089911 -0.00104632
0.000213283 -0.00145747
-0.00103499 -0.00199175
-0.00386368 -0.00428563
0.000646129 -7.47787e-05
-0.00281367 -0.0032825
0.000101105 -0.00132928
0.00259348 0.00236687
0.000737006 -0.00136019
0.000171928 -0.00069508
0.00236615 0.0020999
-0.00363088 -0.00432835
0.00189349 0.00119241
0.000285044 0.000211333
0.000194833 -0.000753664
0.000687449 0.000195503
-0.000203396 -0.000509596
1.30545e-05 -0.00134987
0.000787486 0.000800994
0.00111704 0.000691922
-0.000315185 -0.00298384
-0.000327492 -0.000651379
-0.00107877 -0.0019048
-0.0027636 -0.00481199
-0.00435637 -0.00382155
-0.000165025 -0.00135442
-0.00648922 -0.00694458
9.26561e-05 -0.00135538
0.00252693 0.00230878
-0.00159325 -0.00161961
0.000522673 0.000388516
0.00218252 0.00210593
0.00137441 0.00032703
0.000977309 0.000308508
0.000452268 -0.000332083
0.00144216 0.00030252
-0.000141344 -0.000450877
0.0011042 1.37529e-05
0.00105568 0.000462792
0.00107855 4.52198e-05
0.00110928 -0.000144082
0.000202043 -0.000847476
-0.000386048 -0.00124017
-0.000665864 -0.00275801
-0.00223035 -0.00260957
0.00116707 -0.000347868
-0.00277966 -0.0042213
0.000943405 -0.000897145
0.00192451 0.00171879
-0.00014137 -0.000734514
0.000810648 0.000371958
0.00193311 0.00172096
-0.000897406 -0.00265335
0.000203805 -0.000505031
0.000497607 -0.00115543
0.00194812 0.000419993
0.000222084 -0.00121909
0.00237299 0.000923586
-0.00136342 -0.00170557
6.19963e-05 -0.00257782
0.000254508 -0.00125499
0.000465458 -0.000792036
0.00134937 -0.000310105
0.0016515 0.000803748
0.000382972 -5.31992e-05
0.00150901 0.000554392
0.000128072 -0.00145702
0.00242554 0.00232763
0.00046427 -0.000782517
0.00183607 0.000619055
0.00237718 0.00229399
0.000788188 -0.000383793
-0.00138668 -0.00318538
0.000483246 -0.00127084
0.000469139 -0.000890555
0.000960212 -0.000394857
-0.000603215 -0.00260833
0.00149479 -0.00105968
-0.00185584 -0.00415251
-0.00142413 -0.00297523
0.00114386 -0.000716145
0.0010244 -0.00017456
-0.000315325 -3.34018e-05
0.000738659 -0.000584936
-0.000197385 -0.00105496
0.00210543 0.00197869
-0.000870596 -0.00262171
0.0013328 -0.000533071
0.00210437 0.00187947
0.000308802 -0.000525098
0.000947672 0.000311049
0.000148568 -0.0011393
0.00126936 0.000986808
0.000634169 0.000226299
-0.00109113 -0.00384118
0.000248196 -0.000712178
-0.000119495 -0.000455954
4.12462e-05 -0.0013772
0.00023423 -0.000132694
0.00047979 -0.00143368
-0.000574474 -0.00119719
0.00081544 -0.000818775
0.00248941 0.00225164
-0.000852164 -0.00103153
0.000906066 0.000661781
0.00185849 0.00179891
-9.5406e-05 -0.001723
5.91195e-05 -0.00135174
-3.61786e-05 -0.00214586
-0.00256332 -0.00362438
-0.000254712 -0.00352526
-0.00174169 -0.00440674
-0.00119517 -0.00335549
0.00117051 -0.000109892
0.000190644 -0.00113008
-6.48622e-05 -0.000509558
0.000746644 -0.000158748
-0.00032176 -0.00115541
0.00263125 0.00237192
-0.00417012 -0.00584828
-0.00160393 -0.00288512
0.00256477 0.0023786
0.00162949 -0.00111414
0.000191779 -0.000792967
0.00101146 -0.000924397
0.000265336 -0.00187153
0.000187848 -0.00276235
-0.000961869 -0.00388826
0.0011701 -0.000790468
-0.000624995 -0.000922498
0.000305512 -0.000338781
-0.000181117 -0.00115048
-8.02087e-05 -0.00114163
0.00221136 0.00209081
-0.000360279 -0.0021728
-0.000798656 -0.00140854
0.00202284 0.00188459
-0.000332501 -0.00147592
0.000323715 -0.000843295
0.0109612 0.0112868
0.000871067 -0.000593307
0.000815073 -0.000429982
0.00129674 0.00131522
-5.2447e-05 -0.0011593
0.000772956 -0.00113549
0.000514136 -0.000460045
0.00298507 0.00370094
-0.000387651 -0.000581906
0.000199145 -0.00102445
-0.000103268 -0.000984618
-0.000407546 -0.000662493
0.00180397 -0.000492874
-0.00251691 -0.0037133
0.000725178 -0.000753231
0.000182598 -0.000290486
0.000990923 0.000271235
-0.00299652 -0.00357323
0.000851421 0.000475308
9.46529e-05 -9.66686e-05
0.000139031 -0.00087832
0.00264011 0.00241619
-0.00129802 -0.002581
-0.00499719 -0.00609905
0.00229407 0.00213836
-0.000551785 -0.00205854
4.07222e-05 -0.00235123
-6.7152e-05 -0.0011589
0.000936057 0.000197766
0.00102285 0.000414337
0.000422616 -7.76925e-05
0.000819824 0.000484352
-8.78239e-05 -0.000856301
0.00215929 0.00203375
-4.65797e-05 -0.00173243
0.000899923 -0.000437717
0.00211993 0.00196142
0.00100616 -0.00241674
0.000598072 -0.00276218
0.00461733 0.00322163
-0.00218632 -0.00327071
0.0054425 -0.0015408
-0.000590979 -0.00227086
0.0121373 0.00890879
-0.00270443 -0.00300995
-0.00115853 -0.00296297
-0.00168755 -0.00297268
-0.00263099 -0.00305052
-0.00307041 -0.00486542
0.000947735 -0.000690452
6.96418e-05 -0.000671275
-0.000845862 -0.000881625
-0.000226709 -0.000769826
-0.000107 -0.000711759
0.00197797 0.00189246
-0.00136372 -0.00395078
0.000525827 -0.00109046
0.00195163 0.00179948
0.00029878 -0.00108335
-0.000744322 -0.00155918
-0.00046891 -0.000532287
-0.000941905 -0.00207624
5.13419e-05 -0.000179374
0.0019367 0.00181447
-0.00230026 -0.00373372
-0.000141213 -0.000831075
0.00189544 0.00181308
-0.00193063 -0.00217641
0.00279427 -0.000812805
-0.00397131 -0.00417621
0.00393358 0.00380409
0.00131375 0.00106337
-0.000602355 -0.000965866
0.00100035 0.000364908
0.000994322 0.000774914
0.000420163 -7.81262e-05
-0.00557575 -0.00520434
-0.00118006 -0.00113696
0.00253793 0.00237952
-0.00213259 -0.00292059
-0.00319239 -0.00348122
0.00217523 0.00193315
0.000441148 -0.00103098
0.00433099 0.000898812
0.00160377 0.00131825
-0.000543008 -0.0012365
0.000397432 -3.62314e-05
0.00156796 0.00111005
-9.87696e-05 -0.000685216
0.00212035 0.001937
-0.00128662 -0.00184964
0.000368077 -0.000105279
0.00180007 0.00158576
-1.38775e-05 -0.000310192
-0.000841533 -0.00101953
-0.000458379 -0.000493893
-9.29139e-05 -0.0005435
0.00215728 0.00201597
0.00228053 0.00209633
-0.00053259 -0.000791422
-0.00286051 -0.00461236
0.00213472 0.00189268
0.00205511 0.00189632
-0.0026373 -0.00230795
-0.0031926 -0.00262698
0.000786665 0.000484767
-0.000141665 -0.00027917
0.000554876 0.000348644
0.00047925 -0.000506262
-0.000122277 -0.000806057
0.0008391 -0.00150992
-0.00124631 -0.00156781
0.000733536 7.09063e-05
-0.000195594 -0.00171888
-0.000103819 -0.000824508
-0.000696438 -0.00103558
-0.00204518 -0.00189252
-0.00472421 -0.0045104
0.000548224 0.000365079
-0.00414369 -0.00342511
-0.000292746 -0.000248437
0.00249925 0.00229953
-0.00033812 -0.00132197
0.00010441 -0.000604572
0.00230231 0.00213534
-0.00451606 -0.00487925
0.00130807 0.00104805
0.000670759 6.0957e-05
-0.000331939 -0.000568582
0.000665935 0.00019099
-0.000335418 -0.000495258
0.000351537 -0.00120933
0.000907224 0.000943152
0.0012338 0.00087346
-0.00028565 -0.00196083
-0.00054791 -0.000397282
-0.0013139 -0.00155497
-0.00356642 -0.00598091
-0.00410258 -0.00383515
-0.00107649 -0.00171001
-0.00660778 -0.00718899
-0.000391846 -0.00152969
0.00253233 0.00234095
-0.00150668 -0.00160834
0.000775954 0.000802383
0.00222134 0.00210392
0.000672 0.000187678
0.000261144 7.4933e-05
-0.00034264 -0.000330525
0.000635945 -0.000132009
-0.00054239 -0.000987837
0.000737648 -0.000121004
0.000490878 0.000201311
0.000110236 0.000481044
0.00202134 -0.000401294
-0.000211887 -0.00113047
-0.00125533 -0.00144703
-0.00163077 -0.00371594
-0.00295525 -0.00289657
0.000329669 -0.000761587
-0.00378227 -0.00386035
0.00061843 -0.000588595
0.00175749 0.00151209
-0.000568718 -0.000998759
0.000657589 0.000312935
0.00179126 0.00152315
-0.00198534 -0.00290161
-0.000845908 -0.000881929
-0.000851156 -0.00140441
0.00117697 0.000212919
0.00102857 -0.000823634
0.00122218 0.000752736
-0.000991393 -0.00200124
0.000594171 -0.000433807
-0.000426259 -0.0013527
0.00043188 -0.000682739
0.000442827 0.000240899
0.00115617 0.000908781
0.00023918 0.00012582
0.000812167 0.000702399
0.000577885 -0.000257894
0.00223906 0.00199684
-0.000522465 -0.00118647
0.00118155 0.000457509
0.00221464 0.00206577
-0.00014588 -0.000470111
-0.00195492 -0.00365672
-0.000846307 -0.00157916
0.000881839 -0.00124304
0.000549757 -0.000179306
-0.000864819 -0.00218446
0.001052 -0.000571369
-0.00411815 -0.00436659
-0.00208521 -0.00298012
0.00102682 -0.000189933
0.000488384 -0.000129673
4.43192e-05 -0.000542458
0.000199957 -0.000324098
0.000713282 -0.00051177
0.00210169 0.00187914
-0.00231953 -0.00324194
0.000138418 -0.000411468
0.00211852 0.00191798
3.12929e-05 -0.000492408
0.000464666 0.000464863
-6.30536e-05 -0.000981774
0.00146236 0.000950185
0.000715261 0.000213009
-0.00124541 -0.00210803
-0.000549779 -0.00081812
-0.000369611 -0.000481196
-0.000871257 -0.0015017
-0.000135718 -0.000245263
-3.49144e-05 -0.000541189
-0.00028495 -0.000979631
0.000555009 -0.000951085
0.00257893 0.00221539
-0.00107275 -0.00103579
0.000949763 0.000673512
0.00185826 0.00169088
3.16957e-05 -0.00175806
0.000509297 -0.00140445
-0.00109844 -0.00192853
-0.00263403 -0.0037538
0.000367331 -0.0018946
-0.00280352 -0.00457749
-0.001719 -0.00294827
0.00052761 2.34677e-05
-0.000221349 -0.000931305
6.97225e-05 -6.69144e-05
0.000411485 -0.000210973
0.000269983 -0.000267312
0.00269091 0.00228961
-0.00503114 -0.00631474
-0.00216796 -0.00296102
0.00264301 0.00234032
0.00103577 -0.00108159
-6.34228e-05 -0.00030026
0.000861665 -0.00077496
0.00025703 -0.00152188
-0.00190341 -0.00367008
-0.00307087 -0.00457678
-0.000497377 -0.000557893
-0.000580593 -0.000823072
0.00018758 -2.94119e-05
-0.000928727 -0.000806986
0.0004114 -0.000343155
0.0023812 0.0021877
-0.00142479 -0.00236927
-0.000794533 -0.00133676
0.00221461 0.00207618
0.000204276 -0.00105728
0.00080289 -0.000444572
0.00794665 0.00776737
0.000443773 -0.00124428
0.000859085 -0.00127881
0.00133285 0.000978792
0.000341136 -0.00109813
0.000413524 -0.000899012
0.000633657 -0.00105043
0.00314611 0.00232545
-0.000100473 -0.00042748
0.00016527 -0.000871904
0.000135859 -0.00061684
-0.000106657 -0.00037603
0.00128345 -0.000163744
-0.000957049 -0.00169839
0.000434714 -0.00039084
8.69952e-05 8.46869e-06
0.000844594 0.00058728
-0.00333704 -0.00351309
0.00116863 0.00110743
0.000180966 -7.59349e-05
0.000415882 0.000100799
0.00251496 0.00236725
-0.0021675 -0.00268606
-0.00564122 -0.00678117
0.00220339 0.00214101
0.000808839 -0.00137334
-0.000267132 -0.00207124
-9.15331e-05 -0.00102709
0.00071297 0.000243796
0.000775133 0.000111438
0.000305485 0.000326388
0.000833888 0.000479596
0.000672052 -0.000270102
0.00193828 0.00180197
-0.000983644 -0.00172436
0.000391455 -0.000448045
0.00192235 0.00177758
0.000323723 -0.00141283
-0.00070017 -0.00115016
0.00244202 0.000982858
-0.00128526 -0.00166119
0.00296975 -0.00122345
0.000764541 -0.00127145
0.00627836 0.00411081
-0.00128917 -0.0013522
-0.000230166 -0.00164764
-0.000619374 -0.0015622
-0.00115702 -0.00138408
-0.00518545 -0.00679384
-0.000390152 -0.000576239
-0.000155063 -0.000576882
-0.00123595 -0.0015063
-0.00108006 -0.000871796
5.75929e-05 -0.000188828
0.00224785 0.00201043
-0.00287406 -0.00425801
-3.58866e-05 -0.000848115
0.00223318 0.00200165
-0.00138143 -0.00105668
-0.00108397 -0.00126684
-0.000629464 -0.00115501
-0.00183409 -0.00179442
-0.000306022 -0.000424758
0.00232538 0.00209159
-0.00301151 -0.00381513
-0.000177044 -0.000723007
0.00229335 0.00212243
-0.00208225 -0.00225636
0.000985785 -0.000506511
-0.00416646 -0.00533283
0.000917185 0.000898131
0.00155033 0.00133945
-0.000804008 -0.00118404
0.000991089 0.000716584
0.00125669 0.00113974
0.000526245 0.000499838
-0.00587825 -0.00524797
-0.000498533 -0.000360238
0.00249457 0.00232158
-0.00235614 -0.00308558
-0.00302086 -0.00325473
0.00216414 0.00197064
2.48448e-05 -0.000813974
0.00188497 -0.000854161
0.00224993 0.00199645
-0.000687179 -0.000984792
0.000819717 0.000709261
0.0019501 0.00181413
-0.000194573 -0.00112525
0.00207936 0.00196434
-0.00171679 -0.00217376
0.000276749 6.03077e-06
0.00178909 0.00161037
0.000729496 0.000448786
-0.000295498 -0.000281941
0.000145367 0.00027727
0.000591487 0.000327207
0.00226947 0.00199514
0.00228348 0.00207809
-0.000506203 -0.000732288
-0.00347581 -0.0047533
0.00225915 0.00203268
0.0020817 0.00195577
0.028248 0.0314388
0.00141277 -0.00167346
0.00365657 0.00169204
0.00895578 0.004141
0.0056708 0.00246541
0.00942425 0.00680999
-0.00167573 -0.00167242
0.00397816 0.00285583
0.00163917 -0.00148628
-0.00245467 -0.00213634
0.00555354 0.00539494
0.00871701 0.0104154
0.0185517 0.0260427
0.027758 0.0301111
0.00232034 0.00281494
0.0340935 0.0382535
0.000521355 0.00164922
-0.000385151 -0.00157768
0.0104457 0.0115955
0.00373414 0.00287687
-8.37478e-06 -0.00161471
0.000809862 -0.0013414
0.0028589 0.00232382
0.00672525 0.00387734
0.00292215 0.00234906
0.00849129 0.00731182
-8.81914e-05 -0.00141279
0.00578818 0.00295148
0.000371161 -0.000975176
-0.00238293 -0.00227984
0.00623448 0.00742409
0.00854763 0.0109578
0.0190984 0.0249172
0.028769 0.0265183
0.00105303 0.00249187
0.031756 0.0322762
8.61642e-05 0.000997888
-0.00174199 -0.00264836
0.00928632 0.00903113
0.00295692 0.00139159
-0.00137203 -0.00257955
0.00552812 0.0011714
0.00236045 -0.000540772
0.00410642 0.000469755
0.00164924 0.000160005
0.000985145 0.000246218
0.000373687 -0.000821274
0.00253722 0.000572349
0.00107638 -6.77951e-05
0.0036459 0.000974123
0.00230973 0.000546125
0.00113484 -0.000673991
-0.000220832 -0.00105368
0.0010803 -0.000376177
0.00168044 -0.00176227
0.00106946 -7.15674e-05
0.00161569 0.00140695
0.00242955 0.000189244
0.000788082 -0.000466451
0.00142562 0.00130816
0.00376435 0.000668288
0.00505595 0.00356543
0.00222379 0.00355929
0.000510883 -0.000204266
0.00116703 0.00179837
0.00240221 0.000948619
0.000700679 -0.000434058
0.00557219 0.00678393
0.00391922 0.0047622
0.00234403 0.00197435
0.00334655 0.00348829
0.00223312 0.000459456
0.00503746 0.00243577
0.000998052 0.000226064
0.00100216 0.000788054
0.00528977 0.00524887
0.0017909 0.00199436
0.000862412 0.000720362
0.00257629 0.00141361
0.00424948 0.000437697
0.000513041 -0.000248215
0.00267606 0.000279981
0.00133217 6.90682e-05
0.000203451 0.000290982
0.00223106 0.00230863
0.00351371 0.00236662
0.00686602 0.00333133
0.0101285 0.00567603
0.000214638 0.000542135
0.0118134 0.00562872
2.23429e-05 0.000305866
0.00116711 0.000523389
0.00385431 0.00284781
0.00204359 0.000196133
0.000412345 4.38179e-05
0.00206335 0.00443288
0.000581061 -0.000753709
0.00413007 0.00563245
0.00421969 0.00240116
0.0010767 -0.000616171
0.00486451 0.00770565
0.00326996 0.0063804
0.00258987 0.00151578
0.0065126 0.00828607
0.00104069 0.000588363
0.00509338 0.00412652
0.000591661 -0.000429203
0.000775571 0.000337794
0.00664571 0.0103492
0.00260292 0.00532381
0.000594161 0.000302423
0.000224988 -0.00060077
0.00325351 0.00334566
0.000698892 0.00131081
-0.000333425 -0.000741028
0.00594099 0.00960271
0.00870653 0.0105141
0.00498814 0.00463673
0.0128091 0.00919298
0.000477508 0.00112438
0.00880375 0.00803832
0.000514571 -0.00026597
0.000533189 -5.81558e-05
0.00583518 0.00731178
0.00267198 0.00378776
0.000248623 -0.000233067
-0.000779973 -0.0016733
0.000618117 -0.000245485
-0.000265604 -0.000743181
0.00064549 -0.000408442
0.000363933 -0.00067185
-0.000334664 -0.00159233
-0.00291664 -0.00287506
0.00117792 0.00015027
-0.00270666 -0.0024741
-0.000190193 -0.000397894
0.00171162 0.00151654
0.000124867 -0.000807458
-0.00033015 -0.000953483
0.00155968 0.00135935
0.00101512 0.000803212
-0.000803581 -0.00120014
0.00167822 0.00369901
0.00263734 0.00358177
5.11488e-05 -7.39331e-05
0.0196282 0.0176286
0.00153711 -0.000986803
0.00602886 0.00603509
-0.00023999 -0.00124636
-0.00014507 -0.000758294
0.00554111 0.0086251
0.0103807 0.0123252
8.1713e-05 -0.000880868
0.000253653 2.44497e-06
0.00276225 0.00257621
0.00160594 0.00147905
0.000520051 -0.00110733
0.00062979 -0.000471523
0.00092047 0.000361811
0.00106451 -0.00141306
0.00110443 -0.000123499
0.00143018 0.00113247
0.00299507 0.00126054
0.00233834 0.000349259
0.00118415 0.00100345
-0.000185091 -0.000585713
-0.000760364 -0.000730465
-0.00154445 -0.0016282
-0.00389932 -0.00383759
-0.000397336 -0.000222095
-0.00311823 -0.00227466
-0.000394451 -0.000514545
0.00195421 0.00182616
-0.000573016 -0.00103915
5.63802e-06 -0.000869251
0.00177137 0.00164782
0.00640163 0.0140405
0.00385472 0.00547273
0.00536813 0.00760553
0.00141591 0.00156678
0.0066016 0.00711714
0.000124266 -0.000288885
0.000173885 -5.08497e-05
0.00435441 0.00961001
0.00104703 0.00350646
3.33447e-05 -0.00013188
0.00427899 0.00833142
0.01129 0.0121763
0.00156254 0.00159285
0.0106798 0.0135964
0.000225721 0.000779658
-0.000163414 -0.000386104
0.00616329 0.0101354
0.0015889 0.00316448
4.19184e-05 -0.000465254
0.0128879 0.0167124
0.000642022 0.00220973
0.0236432 0.0271508
0.00169574 0.00175641
-0.000201585 -0.000791197
0.00399098 0.00753315
0.00049417 4.88668e-05
2.72811e-05 -0.000947886
0.000105769 0.00120856
0.0367971 0.0394308
-0.000853542 -0.000949505
-0.00215989 -0.00331144
0.0153377 0.0176163
0.0144865 0.0139709
-0.00111179 -0.00343391
0.00173739 0.00273801
-0.000680026 -0.00107982
0.00122831 0.00101169
0.00147465 0.00165425
0.000407034 -0.000548056
0.000933258 0.00088621
0.000981988 0.00105887
-0.00188972 -0.00257248
0.0129794 0.0138169
0.00440786 0.00453388
-0.00131618 -0.00263602
0.00155493 0.0013281
0.000156316 -0.000559319
-1.62678e-06 -0.000781406
0.00152645 0.00105092
-0.000303669 -0.000544851
0.00034474 -0.000215628
-0.000354988 -0.000837857
0.00514854 0.00924363
-0.000202921 -0.000643822
0.000533307 -0.000286514
0.00110069 -0.00188123
0.00408028 0.00314635
0.0141924 0.00809381
0.00345504 0.002017
0.00925247 0.00795705
-0.00274011 -0.00333274
0.00231781 -0.00010528
-0.000659422 -0.00238143
-0.00367431 -0.00304526
0.0092523 0.00850353
0.0155306 0.015951
0.0507906 0.0590422
0.0295263 0.0309545
0.00735976 0.00971415
0.0561084 0.0629858
0.00824216 0.010102
-0.0022115 -0.00417896
0.014995 0.0131857
0.00147474 5.64284e-05
-0.00211882 -0.00382286
0.00445444 -0.00101158
0.00192698 0.000187269
0.00154176 -0.000812595
0.000636529 -0.000177855
0.00109516 0.000577679
0.00112999 -0.000225466
0.00103239 -0.00116536
0.000925039 0.000423313
0.00255752 -0.000476001
0.00167132 -0.000537859
-0.000930007 -0.00183038
-0.0015274 -0.00210248
0.00106667 -0.000587735
-0.00217096 -0.00228546
-1.36233e-05 -0.000661374
0.00195554 0.00149843
0.00229799 -0.000382123
0.00130488 -0.000423692
0.00145032 0.00146508
0.00440114 0.000878922
0.00334592 0.00137142
0.00255412 0.00268804
8.13775e-05 7.46076e-05
0.0013778 -7.65648e-05
0.00182316 -0.00140448
8.1701e-05 -0.000244701
0.00652818 0.00357468
0.00553778 0.00431843
0.00262702 0.00340451
0.000945475 0.00229625
0.00204467 0.00234338
0.0033256 0.00489285
-0.000260264 9.29562e-05
0.00164944 0.000865287
0.00609595 0.0044178
0.00128619 0.000725138
0.000986523 0.000772513
0.00502279 0.00181628
0.00510875 0.00176359
-0.000237905 -0.000669496
0.00118053 -0.000338231
0.00156379 -0.000599655
-0.000294706 -0.0007935
0.00603247 0.0030696
0.0077362 0.00445245
0.0164644 0.0122919
0.00884889 0.00874637
0.00319911 0.0052274
0.017998 0.0153081
0.00243679 0.00178445
0.000753967 -0.000687427
0.0098348 0.00587716
0.000921796 3.89709e-05
-0.000282043 -0.000845091
0.00180318 0.00229635
-2.81034e-05 -2.68144e-06
0.00155576 -2.1389e-05
0.00171168 -0.00175262
7.01825e-05 1.41819e-05
0.00194007 0.00327251
0.00268577 0.0037903
0.00171854 0.00132993
0.0053094 0.00393387
0.000621156 0.00174
0.00659768 0.00442013
-0.000779938 -0.000278045
0.00128636 0.000721171
0.00536244 0.00668263
0.000479264 0.00161486
0.000857312 0.000838397
-0.000437827 -0.000757167
0.00181045 0.000872724
0.000229838 -0.000800709
-0.000905119 -0.000472254
0.00596323 0.0063904
0.00974356 0.00993523
0.00525265 0.00752478
0.00778266 0.00708048
0.000213993 0.00310297
0.0114423 0.0104599
-0.000981347 -0.000372219
0.00112789 0.000215301
0.00693796 0.00667841
0.00146849 0.000610205
0.000455875 -8.19699e-05
0.000653522 0.000780713
0.000494878 0.000226375
8.70621e-05 -0.00112826
-0.000580306 -0.000662613
-0.00135989 -0.00114903
-0.00250047 -0.00361998
-0.00319384 -0.00225413
-0.000649877 -0.00169931
-0.00391297 -0.00479484
0.000146924 -0.00105806
0.00199045 0.00189735
-0.00110107 -0.000962388
0.000278564 0.000374123
0.00173437 0.00170939
0.00108266 -0.000361928
0.000575126 0.000525593
0.00182171 0.000771348
0.000925615 0.000734543
-0.0036604 -0.00299282
0.00771738 0.00467011
0.000570954 -0.000607411
0.00196518 0.00125976
-0.000946456 -0.00103647
0.00192182 0.00103312
0.00105788 0.00208311
0.00171658 0.0009858
0.00124475 0.000752569
0.000445589 0.000373529
0.00130382 -0.000896153
0.000837661 -0.000684382
-0.00231023 -0.00326484
-0.000311623 -0.00116427
-0.000566471 -0.000628991
-0.00215225 -0.00282344
-0.000886485 -0.000783577
0.00194517 0.00158881
0.00123844 -0.000838065
0.00114632 -0.000392633
0.00152237 0.00142758
-0.00115851 -0.000293433
-0.00123798 -0.0010778
-0.00231758 -0.0031895
-0.00369709 -0.00328086
-0.000581583 -0.000674101
-0.00542612 -0.00467655
-0.000637932 -0.000786635
0.00191258 0.00173314
-0.00141186 -0.00131279
0.000215951 0.000216173
0.00170408 0.00158031
0.0104809 0.0117179
0.00855845 0.0104068
0.00390571 0.00599811
0.0011069 0.00616074
0.0110082 0.0119296
0.000718753 0.00102062
0.00089431 0.00020331
0.00532254 0.00862323
0.000617582 0.00121757
0.000444552 0.000230997
0.0154155 0.0185903
0.00874463 0.013053
0.00289757 0.00715309
0.0209917 0.0234064
0.00122385 0.00317639
0.000233242 -0.000685794
0.0100335 0.0126975
0.000613921 0.0014136
4.1435e-06 -0.000732783
0.0271115 0.028328
0.0080017 0.0138862
0.0767603 0.0816261
0.0230934 0.01922
-0.00419715 -0.00546453
0.015551 0.015518
-0.00248011 -0.00225935
-0.00213076 -0.00525521
0.00186926 0.00494198
0.0538839 0.0542941
0.0051131 0.00195258
-0.00174055 -0.00297383
0.0151812 0.0171121
0.00727621 0.00545735
-0.00100058 -0.00298986
0.00833339 0.0173743
0.00341155 0.00558706
-0.00105722 -0.00125685
0.00270881 0.00724225
1.87398e-05 0.000150313
-0.00048224 -0.00125802
0.0153205 0.0143375
-0.00587833 -0.00690251
0.024071 0.0233112
0.00351933 0.00267299
-0.00382214 -0.00637846
-3.22934e-05 -0.000159808
0.00293112 0.00117892
-0.000453473 -0.00103574
0.00128825 -0.000332884
-0.000346301 -0.00108148
0.00145615 0.000613068
-0.000280345 -0.000972776
0.00103213 0.0043299
-0.000525039 -0.00114031
0.00161813 0.000367379
0.00415374 0.000479114
0.00228045 -0.000226455
0.0024416 -0.000551143
0.000699806 -0.000388139
-0.000155136 0.000144409
0.00080654 -0.000569439
0.00151761 -0.00032666
0.000652964 0.000397562
0.00133059 0.000129469
0.00107725 0.000441768
2.50458e-05 -0.00112886
-0.000438597 -0.00128744
0.00137676 -0.000228749
0.000610085 -0.00138276
0.00091689 -0.000522853
0.00168108 0.00129409
0.0021572 -0.000313644
0.00121413 -0.000203749
0.00134708 0.00125204
0.00383566 0.000691614
0.00300393 0.000738874
0.00221317 0.00321033
8.58645e-05 -0.000130896
0.000910851 -8.32142e-05
0.00147105 1.12409e-05
0.000292196 8.22971e-05
0.00490446 0.00444254
0.00285547 0.00390121
0.00314608 0.00247281
0.000689424 0.00185384
0.00247303 0.00121419
0.00384049 0.0033419
0.000573789 -0.000199012
0.00127778 0.000697367
0.00433372 0.00271537
0.00089156 0.00033176
0.000921973 0.000680424
0.00230595 0.000988048
0.00470529 0.00129719
-5.36133e-05 -0.000834339
0.00151296 7.83599e-05
0.00107649 6.9445e-05
0.000147015 -0.000453083
0.00418576 0.00283448
0.00565536 0.00387965
0.0120944 0.00696544
0.00672724 0.00450721
0.00244319 0.00236653
0.0130347 0.0083075
0.00166878 0.000923043
0.00142022 0.0002685
0.00607096 0.00328693
0.000837986 -0.000148257
0.000598333 -0.000152877
0.00140909 0.00195394
0.000747767 -0.000170816
0.00123327 -0.000558236
0.000660859 -0.00139666
0.000761649 -0.000210316
0.00141142 0.00220842
0.000667948 0.00291626
0.000363829 0.00089888
0.00233692 0.00175063
0.000970434 0.00100497
0.00245084 0.00181244
0.000168988 -0.000559133
0.00179623 0.00110027
0.00183069 0.00302453
-7.63474e-05 -0.000354854
0.00145021 0.00118313
-0.000453691 -0.000763416
0.00173281 0.000607733
-0.000521684 0.000118045
-0.000719601 -0.000819542
0.00520169 0.00696016
0.00766326 0.00908965
0.00689578 0.00703791
0.00712028 0.00566431
0.000576045 0.00208078
0.00963015 0.00840466
-6.00467e-05 -0.000230498
0.00119658 0.000172384
0.00510189 0.00506137
0.000466375 0.000296544
0.000688151 -5.88253e-06
0.000337131 -0.000131728
0.0001505 -0.000160869
0.00142533 0.000455536
0.000849653 -0.000585243
-0.000486767 -0.00108749
-0.000289053 -0.000852243
-0.00173155 -0.00151645
0.000396111 -0.000918622
-0.0028024 -0.00253333
0.000536482 0.000263426
0.00111194 0.00100924
-0.000169796 -0.000758601
0.000119731 7.70762e-05
0.00109786 0.000995813
0.000558334 -0.000367729
0.000449917 -4.26508e-05
0.000484276 0.000677761
0.000469805 0.000341367
-0.00210978 -0.00177478
0.00588214 0.0028285
0.000923166 -0.000421051
0.00213122 0.000209378
-0.00018561 -0.000637543
0.00190684 0.00107219
6.42296e-05 9.6269e-05
-0.000122537 -0.000922431
0.00145165 0.000859844
0.0005056 -0.000181379
0.00106411 0.000322579
8.29049e-05 0.000492927
-0.000712947 -0.00237757
0.000108799 -0.000831611
-1.49366e-05 -0.000216707
-0.000952806 -0.00133246
-0.000256795 -0.000865405
0.00179906 0.00131669
0.000878407 -0.000251426
0.000949931 -0.000224432
0.00146266 0.00140731
-0.000794584 -0.000750799
-0.00137311 -0.000492267
-0.000992283 -0.000325908
-0.00271019 -0.00246745
0.000275547 -0.000582289
-0.0025949 -0.00240048
0.000898576 0.000319522
0.00119875 0.000990363
-0.000544571 -0.000958169
0.000282153 0.000107574
0.00122559 0.00101121
0.00650949 0.0113881
0.00842538 0.00858123
0.00412037 0.00498275
0.00173858 0.00359078
0.0089133 0.00828327
0.00162387 0.000972943
0.000669206 0.000144585
0.00356495 0.00585503
-0.000289455 0.000307408
0.00043936 0.000189477
0.011645 0.0144637
0.00656955 0.00991265
0.00140789 0.00390806
0.0159527 0.015624
0.00162383 0.00258774
0.000617419 -0.000492975
0.0069676 0.00866389
-0.0002613 0.000401067
0.00031519 -0.00034979
0.0156189 0.0213013
0.00400911 0.00798447
0.0464006 0.0563876
0.0147313 0.0151033
-0.00312932 -0.00399022
0.00907353 0.0107952
-0.00292163 -0.00142769
-0.00249183 -0.00407892
0.00124668 0.00263918
0.0337258 0.0340512
0.000362757 0.00166658
-9.10309e-05 -0.00159613
0.00884863 0.0095464
0.00380952 0.00166904
-0.000154812 -0.0016809
0.00358359 0.00843695
0.00258832 0.00311056
0.000392248 0.000202732
0.00214981 0.00353714
8.6688e-05 -0.000132822
0.000232785 0.00012862
0.00799393 0.00982711
-0.00250691 -0.00363928
0.0142108 0.0129502
0.00113436 0.000286613
-0.00207514 -0.00369592
0.000202425 -1.89876e-05
0.00117714 0.000988105
-0.000212209 -0.000745481
0.000526151 -0.000104852
0.000758691 2.1929e-05
0.00163745 0.000989952
-0.000381317 -0.000898512
-0.000354062 0.000770402
0.000393815 1.85381e-05
0.00134813 0.000865104
0.0095677 0.00422543
0.0267489 0.0189481
0.00919593 0.00493929
-0.00211121 -0.00156829
0.00281822 0.000331453
0.0218905 0.0222125
-0.0011843 -0.00155573
0.0308857 0.0216811
0.01943 0.0133756
0.0035309 0.000748978
0.00460077 0.00020506
0.0080906 0.00183672
0.00525245 0.000697401
4.74821e-05 -0.00204669
-0.00195997 -0.00248588
0.0240278 0.0143073
0.0053142 0.00233092
-0.00229316 -0.00240754
0.00543109 0.00310809
0.00163608 0.00037823
-0.000507458 -0.000543138
0.000835364 -0.000242243
0.00449762 0.00159034
-0.000669813 -0.000731853
0.005571 0.00396346
0.00385121 0.00211093
0.00208346 0.000985748
0.00230224 -0.000109229
0.00276466 0.00162908
0.0030048 0.00068324
-6.35665e-05 -0.000132656
0.000234197 -0.000281645
0.00655959 0.0034317
0.00165599 0.00016996
-0.000676834 -0.000674301
0.00620808 0.00350898
-0.000493919 -0.000966809
0.00249732 0.00109561
0.0171592 0.0150766
-0.000198576 -0.00053019
0.0154876 0.013347
0.00942847 0.00848877
0.00121661 -8.41348e-05
0.00367621 0.000416488
0.00364058 0.000529947
0.00227163 0.000203694
6.98583e-05 -0.000778193
-2.21144e-05 -0.000516067
0.0147943 0.0135112
0.00352328 0.00285925
-0.000310316 -0.00041986
0.000590018 -0.000190087
0.00024158 0.00012498
0.00296233 0.00218018
0.00139769 0.000132926
0.00696661 0.00447802
0.00594018 0.00367159
0.00119985 9.288e-05
0.000662864 -0.000186874
0.00196417 0.00018277
0.000786638 0.000155398
0.000712237 1.10111e-05
0.00147775 0.00116303
0.00623229 0.00376701
0.000962685 0.000474986
0.00117739 0.0010731
0.00100043 0.000532145
-0.000911717 -0.000829462
0.000314993 -0.00117045
-0.000659286 -0.000791277
0.000436105 -0.00035908
7.45122e-05 -0.000479209
0.000988604 0.000409625
0.000129566 0.000122951
0.000336688 0.000127346
0.000336843 0.000100147
0.00196925 0.00178771
-1.90537e-05 -0.00076712
0.00111382 0.000421334
0.00195482 0.00177659
0.00154409 0.000710921
0.00110233 0.000357723
0.00130001 0.000995248
0.000506631 0.00036742
0.00151181 0.000121925
0.000101624 -0.00132159
0.000407753 -0.000276938
0.000554405 -0.000418016
0.000455658 0.000288184
0.00144237 0.00128896
0.000838138 0.00108883
-0.00165353 -0.00104471
0.00121695 0.00113439
-0.00115055 -0.00134032
0.013631 0.0114503
0.00835112 0.00643753
0.000870148 -0.000484579
0.0020246 -2.85987e-05
0.00162832 -0.000419162
0.000719401 -0.000242962
-0.000290679 -0.00118945
-0.000716621 -0.00126993
0.0120459 0.00889552
0.00288436 0.00138352
-0.00104546 -0.00123711
7.21878e-05 -0.000996559
-0.000184688 -0.000331347
0.000838665 -0.000397844
0.00060535 0.000141879
4.91785e-05 4.34656e-05
0.000501004 0.000346292
0.000468113 -0.000637854
0.00168742 0.00145607
-0.000123259 -0.000752603
0.000989413 0.000157784
0.00165308 0.00139562
0.0140425 0.0127207
0.00146934 0.000525011
0.00300531 0.0007659
0.00742267 0.00118165
0.00314615 0.000740366
0.000227963 -0.000682745
-0.000237449 -0.000514321
0.0176442 0.0106387
0.00365076 0.00172891
-0.000365381 -0.000435361
0.00110537 0.000895638
0.000918862 0.000442687
0.00423269 0.000919238
0.00198648 0.000778634
0.000568529 -0.000612718
0.00062521 2.13283e-05
0.0124551 0.00768787
0.00212782 0.00136068
0.00032617 8.10985e-05
-0.000342911 -0.00111808
0.00104492 0.00012249
-0.000946716 -0.000800708
0.000144404 -0.00149458
0.00152417 0.00113472
0.00199846 0.0006204
0.000894326 7.3927e-05
0.00101921 0.000851771
0.000478209 -5.54172e-05
-0.000711218 -0.00132293
-8.38649e-05 0.00040171
0.00133635 0.00107568
0.00237596 5.72023e-05
-6.27329e-06 -0.000796942
0.00102523 0.000899289
0.000897584 -8.73252e-05
0.0012069 -0.000440681
0.00101132 0.000766657
0.00447844 0.00108699
0.00040496 0.000159708
0.000860053 0.000695469
-0.000864017 -0.000986715
0.00130694 0.0010199
0.00246834 0.00057828
0.000958844 -0.000379507
0.00102282 0.000870106
0.0015147 0.00125473
4.20833e-05 -0.000800069
0.000698121 0.000197983
0.0013384 0.00110995
0.000198317 -0.000327087
0.00126125 0.000829414
-0.000557925 -0.000852177
0.00253077 0.00273367
-0.000145194 -0.000260421
0.000992611 0.000724342
0.00885618 0.00569271
0.00376143 0.0030727
-5.45707e-05 -0.000242786
0.00213614 0.000256791
0.00377705 0.00199046
-0.000148211 -0.00028014
0.0114408 0.00710409
0.00776402 0.00493704
0.00451962 0.00130887
0.00369907 0.000702979
0.00460451 0.0025836
0.0049784 0.00180628
0.000800022 -1.24198e-05
0.000542543 0.000169681
0.0104255 0.00626982
0.00275637 0.000701272
-0.000206071 -0.000206181
0.0126252 0.0172827
-0.00159446 -0.00312931
0.00535443 0.00766428
0.0234558 0.0292434
-0.00146745 -0.00217754
0.0356153 0.0404388
0.0206004 0.0283602
0.0012424 0.000208456
0.00633997 0.00538812
0.00587635 0.00454125
0.00402863 0.0026362
-0.00206953 -0.00238783
-0.0021963 -0.00274166
0.030159 0.0363545
0.0106625 0.0114396
-0.00239916 -0.00249397
0.000627627 -0.00147128
4.07964e-05 0.00344682
0.00702984 0.00943072
0.0010541 -0.000402053
0.0226445 0.0268065
0.0181795 0.0237192
0.00200784 0.00251685
0.0019346 0.00437537
0.00329268 0.00250012
0.00289034 0.00358785
-0.000181634 -0.00122384
-0.000360141 -0.000820791
0.0140287 0.0179117
0.00396192 0.00626735
-0.000788618 -0.000895215
4.40822e-05 -0.000426256
-0.000516593 -0.00201655
0.00143539 -0.000359305
-0.00266783 -0.00206499
-0.0010663 -0.00178829
0.00041601 -0.000527676
0.000613696 -0.000477296
-0.000354818 -0.000121271
-0.000118835 -0.000371855
0.00108011 -1.03312e-05
0.00160497 0.00143405
-0.00166671 -0.00260876
0.000131567 -0.000533368
0.00163174 0.00144321
0.00239953 0.00325095
-0.000130083 -0.000398293
0.00306257 0.005287
0.00207017 0.00345676
0.000286597 -0.000247286
0.00259293 0.00296973
0.000959132 -0.000502211
0.000797971 0.000753769
6.14266e-06 -0.000213229
0.00101097 0.000602968
0.00530335 0.00749156
0.00215582 0.00545031
0.000624268 0.000483237
-0.000468226 -0.00127758
0.0232493 0.0266104
0.0128185 0.0167571
0.000661178 -0.000274779
0.0023872 0.00176857
0.00216649 0.00108417
0.00151417 -0.000227708
-0.00101298 -0.00165476
-0.00176765 -0.00212843
0.0161067 0.0181996
0.00577927 0.00527056
-0.00197182 -0.0020186
-0.00230514 -0.00268174
-0.00152662 -0.00192786
-0.000152583 -0.000467781
0.000145675 -0.000259748
-0.00038217 -0.000229168
-0.000189215 -0.000682815
0.000544878 -0.000514516
0.0015582 0.0014582
-0.00164729 -0.00261794
0.000180726 -0.00070254
0.00155932 0.00141057
0.0406928 0.0463103
0.00547538 0.00498913
0.00566223 0.00538476
0.0136493 0.0084624
0.00608174 0.00603133
-0.00030841 -0.00175537
-0.0032384 -0.00435578
0.0352472 0.0346503
0.0086328 0.00810603
-0.00380768 -0.00417764
0.00325673 0.00456097
0.00397745 0.00541185
0.00838999 0.00601665
0.00491214 0.00599013
-3.53819e-05 -0.00125626
-0.00106349 -0.00223835
0.0243494 0.0276454
0.00604245 0.00668278
-0.00169665 -0.00207206
-0.000482708 0.00143619
0.00225293 0.00158751
0.00185666 0.00391411
-0.000152553 -0.000827774
0.00108345 0.000697457
0.00316394 0.00326344
1.25435e-05 8.87311e-05
0.000621019 0.000580488
0.000855642 0.000366328
0.00203736 0.00380224
-0.000812418 -8.0615e-05
0.000832192 0.000585727
0.00761408 0.0072321
0.00321706 0.00384129
0.000427666 0.000443139
0.0022469 0.00241979
0.000138647 -0.000486191
0.00050777 0.000232857
0.00813228 0.0056219
0.000970718 1.24548e-06
0.00039871 0.000189265
-0.000642728 5.58498e-05
0.000698273 0.000475789
0.00643182 0.00603119
0.00144686 0.00105925
0.00045813 0.000494715
0.00150202 0.00137552
-0.000874187 -0.00148834
4.31064e-05 -0.000214584
0.00135506 0.00124389
-0.00145668 -0.00219567
0.000764037 0.000176482
-0.000381753 -0.000650956
0.010364 0.0122628
-0.00200591 -0.00203342
0.000401694 9.89528e-05
0.00325112 0.00236299
-0.000202862 -0.000269911
0.00394114 0.00201709
0.00552412 0.00265385
-5.39032e-05 -0.000202692
0.00848547 0.00771451
0.00651482 0.0058174
0.00259668 0.0016045
0.00466158 0.00267015
0.00193104 0.00224482
0.00518024 0.00262935
3.72588e-06 -0.000245969
0.000295849 -0.000345781
0.0122578 0.0116954
0.00400883 0.00279156
-0.000485293 -0.000544989
0.000565196 0.000111365
0.00164684 0.000276236
0.00055632 0.000209151
0.000193406 0.000140551
0.00349735 0.00444702
0.00680733 0.00449711
0.00384205 0.00188003
0.00670627 0.00150204
0.00106801 0.00129309
0.00677402 0.00254688
0.000325717 0.000243362
0.00120592 0.000543735
0.00651355 0.00427082
0.00226002 0.000203075
0.000782413 0.000271085
0.00106036 0.00074857
0.00018772 0.00016727
4.94184e-05 -0.000818868
-0.000163186 -0.000554622
-0.000241139 -0.000627781
-7.51819e-05 -0.00144627
0.000220367 -7.17151e-05
0.00037169 -0.000530246
-0.000497408 -0.00110532
0.000889319 -0.000620118
0.00213543 0.00188213
-0.000724917 -0.000670628
0.000799358 0.00060742
0.00158062 0.00141134
0.00178843 -7.19133e-05
0.000817527 0.00072771
0.00110691 0.000799026
0.00133278 0.00039912
0.000212525 -0.000256133
0.00586066 0.00150854
-0.000654269 -0.00080897
0.00208148 0.000227385
-5.23302e-05 0.000177712
0.00105679 0.000662852
0.00227028 0.00279508
0.00319808 0.00169809
0.000387286 0.000620644
0.00039792 0.000305949
0.00326505 0.0016309
0.00207157 0.000829588
0.00118836 2.05334e-05
0.00173437 0.000128573
0.000364596 0.000231787
0.00112063 -0.000124436
0.000167592 -8.05367e-05
0.00101868 0.000772468
0.00417465 0.00249019
0.0018844 0.000654434
0.000392995 0.00039331
-0.000212516 -0.000650535
-0.000449335 -0.000601756
-0.000551494 -0.00145212
-1.74503e-05 -0.000145094
0.000301036 -0.000926148
-0.000603091 -0.00083825
0.000661121 -0.00108438
0.00204791 0.00180502
-0.000775403 -0.00088524
0.0007993 0.000351976
0.00140811 0.00140986
0.0104915 0.0103223
0.00574984 0.00357774
0.00394708 0.00296058
0.00595809 0.00434231
0.00632984 0.00374865
0.00126814 -0.000217839
2.10316e-06 -0.000399619
0.0100657 0.00959627
0.00216808 0.00138591
-0.000659353 -0.000775362
0.00666342 0.00465476
0.00518773 0.00392253
0.0039351 0.00343134
0.00784378 0.00616197
0.00084444 -0.000152903
0.000388434 -0.000257325
0.010833 0.00876008
0.00164954 0.000326606
-0.000416613 -0.000593499
0.00503108 0.00485001
0.00326219 0.0037271
0.0160071 0.0130939
0.00330485 0.00177525
0.000810717 -0.000254005
0.00792388 0.00477542
-0.000260196 -0.000410934
-3.38556e-05 -0.000611417
0.000384893 0.00183364
0.0122004 0.0102474
-0.000686339 0.000669363
0.000517446 -0.00026941
0.00639673 0.00677946
0.00413683 0.0018396
-0.000257602 -0.000597388
0.00246526 0.00463684
0.002259 0.000596302
-4.7007e-05 -0.000566927
0.00517809 0.00452247
-0.00038968 6.47347e-05
-0.000517086 -0.000704532
0.00116435 0.00222542
0.000186088 -0.00077039
0.0100303 0.00675077
0.00165248 0.000360844
-0.00067075 -0.000954924
0.00108962 0.00075878
0.00198449 6.9756e-05
-0.000315091 -0.000214549
0.000392868 0.000374878
-2.93967e-05 -0.000976161
0.0010833 0.000260752
-0.00127595 -0.00114733
0.00259252 0.00462153
-0.00108767 -0.00122728
0.000381516 6.7019e-05
-9.63681e-05 -0.00148228
0.00303959 0.00663319
0.00849227 0.0112283
0.000421772 -0.00108278
0.0160617 0.0252654
0.0152722 0.023259
0.000860922 0.00111858
0.0027091 0.00609083
0.00241604 0.002606
0.00118304 0.00291267
-0.000396284 -0.00109431
-0.000370954 -0.000805797
0.0152333 0.0229164
0.0068908 0.0114406
-0.00063929 -0.000768526
-0.000891392 -0.0015435
-0.00162464 -0.00303749
4.37238e-05 -0.00115893
-0.00118737 -0.00336631
-0.000502592 -0.00244865
6.93813e-05 -0.000108754
-0.000303521 -0.000881468
-2.06179e-05 -9.90389e-05
-0.000139958 -0.00046107
0.000404472 -8.06151e-05
0.00210345 0.00193626
-0.00351804 -0.00482321
-0.00188966 -0.00207983
0.0020745 0.00190756
0.00729389 0.00757846
-0.00115269 -0.00175181
0.00594597 0.0105351
0.00151956 0.00848432
-0.000439497 -0.000803762
0.00782683 0.0129153
-0.000549643 -0.000976226
0.0012448 0.00192872
-0.000522004 -0.00139382
-0.000666895 -0.00124103
0.0152767 0.0243597
0.0175971 0.024892
-0.000915155 -0.00129808
-0.00188997 -0.00178269
0.0235763 0.0251418
0.0153262 0.017898
0.000129083 -0.00125624
0.00541451 0.00293914
0.00253857 0.000510846
0.00114448 -0.000503809
-0.00195346 -0.0023666
-0.00247846 -0.00283096
0.0254887 0.0249603
0.0130215 0.0103633
-0.00264081 -0.00268704
-0.00207187 -0.00325337
-0.00122157 -0.00256807
0.000567012 -0.000646341
-0.000179854 -0.0010234
-0.000644816 -0.000203951
0.000298902 -0.000321269
-0.000175077 -0.000847693
0.00207781 0.00181249
-0.00329311 -0.00460435
-0.00191984 -0.00260826
0.00202366 0.00177581
0.0319952 0.0429076
0.000156128 0.00198838
0.00433408 0.00902956
0.00588225 0.00627936
0.00156739 0.00521156
-0.00238385 -0.00280888
-0.00280328 -0.00323426
0.0355435 0.0435972
0.0119904 0.0160925
-0.00294771 -0.00319999
-0.00021246 0.0026254
0.00422431 0.00857289
0.00377807 0.00547567
0.00269088 0.00568877
-0.000718295 -0.00224045
-0.001452 -0.00227704
0.026978 0.037193
0.00795521 0.0138747
-0.00177826 -0.00209433
0.000683122 0.00151654
0.001197 0.000921381
0.000457744 0.00142562
-0.00158434 -0.00184158
0.00156289 0.00117117
0.00130504 0.00250964
-0.00128961 -0.00102104
0.00111785 0.00101808
-0.000197253 0.000586777
0.00535522 0.00625687
-0.000746501 -0.000770349
3.51435e-05 -0.000540485
0.0142707 0.0199159
0.00793449 0.0161758
-0.000317921 -0.000727827
0.00230894 0.00188347
-0.00146201 -0.000945058
0.000527909 0.000355644
0.00437195 0.00797851
0.000121218 0.000367164
0.000378158 0.000282046
-0.000845804 -0.000730159
0.0007319 0.000558508
0.00683136 0.00940479
0.00117919 0.00351477
0.000454185 0.000413132
0.00187126 0.00166759
-0.00309722 -0.00359188
-0.00110052 -0.00208037
0.00167956 0.00154812
-0.00455613 -0.00488896
-0.00180911 -0.00206367
-0.000150098 -0.000605796
0.0263301 0.0375046
-0.00472966 -0.00492236
-0.00194356 -0.00211838
-0.000293395 -0.000658613
0.000877776 -0.000969057
0.0012533 -0.00100901
0.000327418 -0.00203732
-0.000253952 -0.00190074
0.000376894 -0.000658416
-0.000660211 -0.000805243
0.000353627 -0.000117931
-0.000927706 -0.00112553
0.000306132 -0.000289105
0.00169961 0.00154326
-0.000643398 -0.00173331
-0.000756614 -0.00123755
0.00157139 0.00134525
0.000324869 0.00248601
-0.000108288 -0.000581905
0.00260978 0.00672459
0.00317948 0.00661839
-0.000407762 -0.000368691
0.00510473 0.00742087
-5.73335e-05 -0.000312979
0.00137253 0.00218481
0.000172684 -0.000380282
0.000752607 0.00013292
0.00372163 0.00902425
0.0094861 0.011314
0.000508719 -8.94756e-05
0.00137751 -0.000137397
0.00794196 0.0113953
0.00680656 0.0100625
-4.18408e-05 2.31838e-05
0.00101869 0.0018497
0.000214812 0.000196373
-0.000343587 0.00028614
-0.000276117 -0.00047563
0.000461313 0.000173317
0.00606501 0.00837983
0.00164377 0.00455601
0.000190714 7.00236e-05
4.09033e-05 -0.00207126
-0.00159532 -0.00261356
-0.000532296 -0.000774533
-0.000841668 -0.000874638
-0.000438462 -2.44867e-05
-0.000784763 -0.000891032
0.000258924 -0.000825513
0.00171733 0.00157055
-0.000925992 -0.00186991
-0.000839004 -0.00146581
0.00156443 0.0014044
0.0348326 0.0500231
0.00519079 0.0061709
0.00419165 0.00882075
0.00380398 0.00679377
0.00731895 0.00819739
-0.000723457 -0.00172004
-0.00264307 -0.00295575
0.017126 0.0261816
0.00673466 0.0103854
-0.002695 -0.00287563
0.00680865 0.00781503
0.00927573 0.0116394
0.00413255 0.00703083
0.0102682 0.0121376
-0.00157719 -0.00213009
-0.00294812 -0.00391826
0.0212203 0.0277327
0.00781616 0.0111093
-0.00333651 -0.00359482
0.00186654 0.00432964
-3.00756e-05 0.00204349
0.00607602 0.0086036
-0.000804887 -0.00143871
0.00134218 0.000350172
0.00322231 0.00443616
-0.000942627 -0.000501984
0.000601405 0.000226372
-2.47396e-05 0.00135657
0.00965867 0.00999501
-0.00090747 -0.00052051
0.000473932 -0.000286004
0.00789688 0.0116949
0.00565932 0.00937308
0.000159292 -0.000646346
0.000766252 0.00296567
-0.00154556 -0.000748957
0.000902283 0.000478665
0.0031062 0.00401167
0.000125721 0.000373713
0.000579644 0.000236282
-0.000783903 -0.000563232
0.000493892 -0.000156824
0.00764363 0.00878696
0.00144771 0.00253758
-4.82857e-06 -0.000447629
0.00173924 0.0016123
-0.00118144 -0.00142666
-0.000501756 -0.000719012
0.00145671 0.00138475
-0.000821781 -0.00160185
-6.42984e-05 -0.000717549
-0.000323772 -0.000908421
0.00877124 0.0164202
-0.00124046 -0.00158537
2.7086e-05 -0.00090609
0.000141902 -0.000363736
-0.000232534 -0.000636347
0.000156414 -0.000543885
-0.00015378 -0.000404117
0.000619506 0.000161311
-0.00244971 -0.00306443
0.00105499 0.000933478
1.32989e-05 -0.000155684
0.000454901 -4.66633e-05
0.0021811 0.00200944
-0.00129065 -0.00195132
-0.005361 -0.00533594
0.0019191 0.0017919
0.00113522 -0.000794256
-0.000194503 -0.00158936
7.5191e-05 -0.00105579
0.000171619 -0.000135972
0.000817717 -0.000196677
0.000400448 0.000266346
0.000283069 0.000348397
0.000381749 -0.00049396
0.00148898 0.00126816
-0.000205808 -0.00126244
-0.000125367 -0.000477887
0.0014865 0.00122751
0.000870922 -0.000515771
0.000398531 -0.000721191
0.00183039 0.00177053
-0.000181056 -0.000902756
0.000851934 -0.000923979
0.000745323 -0.000169905
0.00283113 0.00273915
-0.000192649 -0.000336017
0.000410097 -0.000719874
-0.000185115 -0.000584984
-0.000213084 -0.00036964
-0.00199503 -0.00289586
0.00028809 -0.000621585
4.68142e-05 -0.000805747
-0.00030299 -0.00103323
-0.00036977 -0.000856945
0.000164447 0.000126362
0.00155251 0.00140939
-0.00160056 -0.00301769
-0.000443218 -0.000989972
0.00155573 0.00133808
-0.00013499 -0.00130547
-0.000469133 -0.00104162
-8.85747e-05 -0.000808361
-0.00101949 -0.0014661
0.000396966 -0.000494448
0.00145231 0.00125599
-0.00151785 -0.00274382
-0.000148343 -0.000740104
0.00144423 0.0012684
-0.00142802 -0.00152002
0.000165144 -0.00139135
-0.00274906 -0.00263247
0.00148862 0.0016009
0.0010241 0.000807881
-0.000608281 -0.00104057
0.00056858 0.000289824
0.000784797 0.000627756
0.00068093 0.000171715
-0.00439196 -0.00359372
2.08358e-05 -0.000673741
0.00188457 0.00170334
-0.0015976 -0.00224097
-0.00251068 -0.00276137
0.00168203 0.0013885
0.000242717 -0.000656845
0.000783543 -0.00124077
0.00183133 0.00162158
-0.000617691 -0.000622076
0.000809197 0.00048788
0.00163915 0.00148294
-9.89066e-05 -0.000742536
0.00155586 0.00134601
-0.0014567 -0.00135893
-3.27487e-05 -0.000168817
0.00131724 0.00115281
0.000753876 0.000440493
3.13797e-05 -0.000382652
0.000300578 0.000163396
0.000576543 0.000321063
0.00179324 0.00161266
0.00195969 0.00175515
-0.000425654 -0.000574783
-0.00282537 -0.00379206
0.00179412 0.00162478
0.00179183 0.0016302
-8.25838e-05 -0.000411828
0.00343897 0.00347167
0.00105118 0.00279819
0.000774111 0.000111317
0.00158886 0.00172653
0.000358834 -0.000177318
0.000726286 0.000151508
0.000651141 5.1255e-05
0.000659203 0.000543564
0.00386614 0.00591517
0.00302902 0.00494345
0.000465732 0.000332609
-0.000135174 -0.000490636
0.000149715 -0.000192407
0.000108061 -0.000159316
-0.00289871 -0.00286965
0.000407429 0.000456793
-0.000219478 -0.000195071
-0.00027437 -0.000474677
0.00218655 0.00202888
-0.0014461 -0.00209618
-0.00475407 -0.0055022
0.00197269 0.00179699
0.00256791 0.00815301
-0.000535159 -0.000285117
0.00348733 0.00588931
-6.36365e-05 -0.000626795
0.000365388 0.00166381
-0.000196652 -0.000895316
0.000938713 0.000184895
0.00559885 0.0114852
0.00368604 0.00854491
0.000411164 0.000184153
-0.00134263 -0.000645748
0.00425601 0.00602521
0.000689768 -0.000388326
0.000976237 0.00220837
-2.38979e-05 -0.00102777
0.000881318 0.00035843
0.0039873 0.00912157
0.0043333 0.00785091
0.000693551 0.000163875
-0.000887425 -0.00121735
-0.000621028 -0.000779227
-0.0030197 -0.0021749
-0.00265874 -0.00292195
0.00204605 0.00155135
-0.00187249 -0.000969606
-0.00289698 -0.00297529
0.00158788 0.00126325
-6.52658e-05 -0.00130285
0.00986277 0.00963863
-0.00232585 -0.00275941
-0.00163318 -0.00280786
0.0114602 0.0204518
0.0263809 0.0371552
-0.00108855 -0.00264604
0.00157663 -0.000799028
-0.000900036 -0.00101507
0.00151827 0.00123388
-0.000863903 0.000180912
-0.00178855 -0.00205707
0.00114212 0.00110965
-0.00119549 -0.00155093
0.000831785 0.000428774
0.00183808 0.00529243
0.00352986 0.00483835
0.000429327 0.000175521
0.00188231 0.00173927
-0.0012092 -0.00210555
-0.00363378 -0.00459478
0.00156689 0.00137559
-0.00125896 -0.00189988
-0.00450494 -0.00484423
-0.000404054 -0.00104299
0.0252527 0.0345399
-0.00163801 -0.00164843
-0.00343268 -0.00460446
-0.000292091 -0.00140714
6.97163e-05 -0.000980935
0.00039662 -0.000445833
0.000689861 0.000246768
-0.000212773 0.00026088
0.000346469 0.000232136
3.53945e-05 -0.000644073
0.0015213 0.00138694
-0.000764522 -0.00125725
0.00028475 -0.000511297
0.00149322 0.00133208
0.0130933 0.0189926
0.000298878 -0.000368154
0.00275112 0.00153929
0.00296699 0.00111505
0.000899994 2.6275e-05
-0.000599195 -0.00163438
-0.000710289 -0.00109686
0.0155009 0.0167684
0.00641506 0.00553211
-0.000828863 -0.00100274
2.50392e-05 -9.3987e-05
0.000849423 0.00214998
0.00203973 0.000384731
0.000131257 0.00017072
-0.000688109 -0.0011762
0.000277973 -0.000220509
0.0120424 0.0124598
0.00447042 0.00451116
-1.37684e-05 -0.000202189
-0.00079663 -0.000894541
0.000107121 -0.000340704
-0.00301754 -0.0023645
-0.00185346 -0.00191477
0.00171899 0.00131443
3.2057e-05 -0.000848996
0.000371471 -0.00031272
0.00122378 0.00109417
0.000405608 2.01324e-05
-0.000528943 -0.00103559
7.99209e-05 -6.87344e-05
0.00105425 0.000908173
0.00400752 0.00333139
0.00231935 0.00261546
0.000764607 0.00058345
0.000210188 -9.41786e-06
-0.000711326 -0.000802756
0.00146395 0.00117819
0.00141393 0.00113521
0.00105463 2.50823e-05
0.00124425 0.00106623
-0.000944645 -0.00101103
0.0014464 0.00116913
0.00091169 0.000468297
0.00170402 0.000139055
0.00117244 0.000950108
0.00167307 0.00146925
-0.000871173 -0.00137606
7.67094e-05 2.93718e-05
0.00150381 0.00129596
-0.000435603 -0.000844244
0.000548897 0.000177336
-0.000392979 -0.000668768
0.00813722 0.00959562
-0.000628425 -0.000806649
0.000168582 0.000103209
-0.00351709 -0.00368323
-0.000652265 -0.000888101
-0.00035366 -0.000545925
-0.0012364 -0.00127565
-0.000919295 -0.000609335
0.000171078 -0.000650727
0.00164534 0.00145304
-0.00220605 -0.00307254
-0.000246195 -0.00101051
0.00162164 0.00141455
-0.00102696 -0.00083154
-0.000697424 -0.00116213
-0.000913908 -0.00103809
-0.0013263 -0.00110096
-0.000467396 -0.000129912
0.00170116 0.0015243
-0.0026017 -0.00313638
-0.000147189 -0.000821527
0.0016633 0.00161205
-0.00205874 -0.00223351
0.00194068 -0.000994882
-0.00307894 -0.00257779
0.00324864 0.00483167
0.000708015 0.000469008
-0.00110665 -0.00143822
0.000198626 -6.09374e-06
0.000525008 0.000283734
3.97652e-05 -6.28363e-05
-0.00495586 -0.0046243
-0.000852905 -0.00083023
0.00210704 0.0019624
-0.00209539 -0.00272094
-0.00249546 -0.00297856
0.00180987 0.00162712
0.000212124 -0.000732026
0.0048285 0.000830903
0.00129549 0.00102115
-0.000700837 -0.000717648
-0.000110669 3.12438e-05
0.00130762 0.000930185
-0.000552091 -0.000131355
0.00158964 0.00135239
-0.00166874 -0.00168659
0.000240324 -0.000156174
0.00133109 0.00109994
7.56249e-05 -0.000157413
-0.000568462 -0.000680702
-0.000350742 -0.000320567
3.42585e-05 -0.000275271
0.00180847 0.00155968
0.00186347 0.0016493
-0.000447839 -0.000712198
-0.00299435 -0.00384474
0.00178765 0.00156437
0.00167879 0.00156206
0.00964174 0.0127286
0.00706763 0.0131744
0.010551 0.0150786
0.0116473 0.0145883
0.00153134 -2.73193e-05
-0.00492202 -0.00582242
0.0351277 0.0436416
0.0101284 0.0130276
-0.00500372 -0.005703
0.000468047 0.00467222
0.00254849 0.00467052
0.00847264 0.0113026
0.00229757 0.00172792
0.000190804 -4.35306e-05
0.00338626 0.00665543
-0.00100262 -0.000313653
1.48071e-05 -0.000165994
0.00010122 0.0018081
0.00608804 0.00921869
-0.000918702 -0.000145204
0.000521869 6.44801e-05
0.00655905 0.0125052
0.00413898 0.00747358
5.11794e-05 -0.000222046
0.0017131 0.00564468
0.00118917 0.000779831
-0.000433818 -0.000775087
0.00724159 0.0100077
0.00060139 0.000542675
-0.000602523 -0.00077956
0.000681745 0.00115469
-4.65942e-05 -0.000201878
0.00650845 0.0103361
0.000825348 0.00200352
-0.000208894 -0.000326116
0.0010893 0.00086141
-0.000687592 -0.00171167
-0.000814736 -0.00107457
0.00108021 0.000764479
-0.002194 -0.00301407
0.000352157 -0.000347851
-0.000250204 -0.000694419
0.01229 0.0173214
-0.00254053 -0.00286749
0.000198893 -0.000394778
0.0015998 0.0086872
0.000799666 0.00555543
0.0149914 0.0193893
0.00225243 0.00482723
8.50822e-05 -0.000714113
0.00587786 0.00963266
-0.00160988 -0.000823939
-0.00029661 -0.000878688
0.00134424 0.00237148
0.0122872 0.0171706
-0.000945508 0.000383745
-9.66083e-05 -0.000805075
0.00879517 0.0157299
0.0043073 0.00806002
-0.000138857 -0.00076082
0.0030542 0.0066267
0.000530923 0.00125977
1.00027e-05 -0.000570998
0.00594258 0.00933357
0.000120606 0.00071743
-0.000381001 -0.000545668
0.000656278 0.00338135
-0.000844374 -0.00105634
0.00979428 0.0146269
0.000876838 0.0025802
-0.000853301 -0.00126173
0.000899542 0.000636474
-0.000284298 -0.000324903
-0.000339343 -0.00121994
0.000748555 0.000578453
-0.00191302 -0.0029195
0.000442271 -0.000263733
-6.95074e-05 -0.000714458
0.0104932 0.0167362
-0.00227196 -0.00274566
0.000420968 -0.000417394
0.000753234 0.00231838
0.031679 0.0320721
0.00433163 0.00204688
-0.000186007 -0.000902872
0.00505866 0.00886197
-0.00126918 -0.000980084
0.000595071 -0.00113036
0.00525055 0.0132648
0.00742523 0.00816935
-5.34062e-05 -0.000270698
0.00246212 0.00468067
-0.000647241 -0.000478531
0.000164083 -0.000482505
0.0221406 0.0203548
-0.00471925 -0.00551773
0.0145044 0.0157483
-0.00253971 -0.00181829
-0.00253349 -0.00510328
-0.0024741 -0.00276111
0.00322019 0.000862347
-0.00158093 -0.00268184
-0.00101186 -0.0026806
0.000382551 -0.000292129
0.00176537 0.00119488
-0.000513878 -0.000786301
-0.00240917 -0.00106629
3.44048e-05 -0.000340089
0.00171264 0.000891646
0.00224663 0.00424613
0.000566984 -9.84763e-05
0.00107328 0.000538021
0.000813885 0.00340247
0.000378635 -0.000360635
0.000566235 0.0004308
0.0046543 0.00173137
-0.00350029 -0.00422722
0.0196594 0.0215453
0.00959247 0.00931716
-0.00232624 -0.004035
0.00116152 0.00100392
-0.000441926 -0.00050399
-0.00215164 -0.00286326
0.00127647 0.000760003
-0.00177843 -0.00233682
-0.00206474 -0.00269677
-0.00037762 -0.000873081
0.0147307 0.0274423
-0.00174234 -0.00221292
-0.00119308 -0.00264135
0.00173134 0.00529426
-0.000165163 -0.000449233
0.00444527 0.00586582
0.00121356 6.47509e-06
-6.21761e-05 -0.00060542
-0.000247374 -0.000375777
0.00152635 0.000643075
-0.000555692 -0.000933972
4.16356e-05 -0.000573297
-0.000217967 -0.000606426
0.000925007 0.000538763
-0.00050151 -0.00094181
9.27757e-05 0.0023823
-0.000435642 -0.00069735
0.000738118 0.000385808
-0.000235219 -0.000490039
0.00278352 0.000708086
-0.000555849 -0.00165358
0.0007098 -0.000682604
-0.00103614 -0.00119489
0.000539188 0.000161035
-0.000641168 -0.000600877
0.00216063 0.00751607
-0.00107123 -0.00136296
0.000600725 -0.000115037
0.00109442 0.000889235
0.0015561 0.00140874
-0.000520078 -0.000631334
-0.00223478 -0.00334155
0.00104242 0.000850251
0.00155881 0.00119508
-0.00285579 -0.00372715
-0.00025671 -0.000476833
-0.000130455 -0.000693808
-0.00312004 -0.00346526
