0.00110265
-0.00261399
-0.00169332
-0.00202767
0.000394088
0.00139385
0.000543975
-0.00012398
-0.00195389
0.00125651
-0.00418899
-0.00176569
-0.00274696
-0.0033657
-0.00293151
-0.00196422
-0.00161948
-0.000812293
0.000398764
-0.000180898
0.00168021
0.0010501
0.000854005
0.00336152
-0.00211743
-0.00382415
0.00335297
0.00142397
0.00390229
0.00120121
-1.03566e-06
-0.00017276
0.000149385
-4.91965e-05
0.000225323
-0.000602175
-2.52742e-06
-0.000373258
0.00223532
0.000893957
-1.76267e-05
0.00259105
-0.000808429
-0.000887397
0.00143334
0.000431522
-0.00388811
-0.000400786
0.00135014
0.00145223
-0.000332965
0.000585863
0.00131369
0.0128382
0.0144659
-0.00228031
-0.00259041
0.000345478
-0.00207869
-0.00141359
-0.00223572
-0.00227256
-0.00153014
0.0170995
-0.00187602
-0.00141313
0.0117091
-0.000781713
-0.00147964
0.00227858
-0.00192109
-0.00218634
-0.00171288
0.00215772
-0.00142481
-0.00163583
-0.00158576
-0.00142019
0.0132514
-0.000840553
-0.00140803
6.62812e-05
-0.00173426
-0.000194973
-0.0011285
-0.00135201
-0.00113314
0.0113736
-0.00118124
-0.00106047
0.0146177
-0.0008701
-0.00148188
0.00250099
-0.00101235
-0.00110795
-0.00103168
0.002303
-0.000420729
-0.000901102
-0.000769087
-0.000508006
-0.00160225
-0.0019853
2.58275e-05
-0.00143097
-0.000477652
-0.00164032
-0.00169953
-0.00147824
0.0105774
-0.00140964
-0.00178426
0.0114642
-0.00107567
-0.00151712
0.00085824
-0.00109888
-0.00131329
-0.00140509
0.00144442
-0.000887584
-0.00114606
-0.00101882
-0.00080134
-0.0022629
-0.000795518
-2.67595e-05
-0.000590462
1.58341e-06
-0.000922451
-0.00119513
-0.00066819
-0.0019011
0.000217973
-0.00147227
-0.00104635
-0.000960928
-0.000771734
-0.00465319
0.000134663
-0.002515
0.00023875
0.00210775
-0.00151378
-0.00096169
0.00187699
-0.00269239
0.00082917
-6.18588e-05
-0.000976065
-8.7279e-05
-8.16228e-05
-0.00214847
0.000771774
0.000698075
-0.00188096
-0.000460399
-0.00109642
-0.00201549
-0.00378267
-0.00187087
-0.00517079
-0.00043104
0.00224788
-0.00161207
0.000457329
0.00202974
-0.000143888
-0.000647945
-0.000990096
-0.0003582
-0.00118727
0.000913426
-0.00043998
-0.000186221
0.000899985
-0.000507421
-0.00134711
0.000794715
-0.00251092
-0.000583906
-0.00165711
0.000656418
0.00118469
-0.00124757
3.23653e-05
0.00119481
-0.00305159
-0.00102211
-0.00171195
1.61987e-05
-0.00156323
0.000863338
-0.00199319
-0.00134571
-0.00137423
-0.000559007
-0.000466285
0.000834541
0.000225286
0.000565407
8.93986e-05
0.00236827
-0.00112616
0.000560045
0.00228709
-0.000262956
-0.00420376
-0.00196823
-0.00100476
-0.000276642
-0.00267504
-7.47373e-05
-0.00439916
-0.00267473
-0.000591052
-0.000275669
-0.000568389
-0.000284534
-0.000240801
0.00211805
-0.00353627
-0.000529929
0.0021027
-0.000639807
0.000554718
-0.0022528
0.00126086
0.000413525
-0.00156653
-0.000969544
-0.000558531
-0.00200896
-9.66762e-05
-0.000770582
-0.00131568
-0.000272893
0.00249584
-0.00107143
0.000738932
0.00189868
-0.00172315
-0.00226741
-0.00202872
-0.00380702
-0.00168287
-0.00445766
-0.00328899
-0.00056513
-0.00138596
6.62606e-06
-0.000398753
0.00016397
0.00250358
-0.00710531
-0.00315888
0.00254825
-0.00121257
-0.000683168
-0.000576862
-0.00113656
-0.00333133
-0.00385146
-0.000413981
-0.00097026
1.80367e-05
-0.000856735
0.000425958
0.00218046
-0.00264984
-0.00171845
0.00195324
-0.00215983
-0.0002936
0.0102086
-0.0011713
-0.00128244
0.00193913
-0.00198294
-0.00198962
-0.000797299
0.00162215
-0.00155094
-0.00185643
-0.00154306
-0.00148677
-7.5077e-06
-0.00100763
-0.000579321
-0.000204832
-4.66803e-05
-0.00411837
0.00147187
-0.000450355
0.000576001
0.00274241
-0.00281424
-0.00727589
0.00247579
-0.00113431
-0.00174044
-0.0013847
-2.30781e-05
0.000455754
0.000704321
0.000480457
0.000240991
0.00214741
-0.00190275
-0.000321505
0.00210466
-0.000548229
-0.00117998
0.00228343
-0.00114916
-0.00164664
-0.00102747
0.00202571
-0.000731941
-0.00107474
-0.000872634
-0.000792503
-0.0062178
-0.000773538
-0.000850292
-0.00158879
-0.00067268
-0.000144543
0.00199807
-0.00442478
-0.00134327
0.00202854
-0.00160159
-0.00138465
-0.00102147
-0.00151132
-0.000291385
0.00214989
-0.00383963
-0.000952176
0.00213118
-0.00215445
-0.00138036
-0.00210358
0.00177156
0.000723918
-0.00151502
9.1665e-05
0.000410067
0.000546119
-0.00550597
-3.5397e-05
0.00255513
-0.00306262
-0.00394994
0.00210894
-0.00100394
-0.000996672
0.00216013
-0.00101974
0.000780088
0.00199722
-0.000267218
0.0017075
-0.00213661
-0.000382858
0.00145954
0.00100806
9.24602e-05
0.000785015
0.000799396
0.00224904
0.00228257
-0.000876561
-0.00507466
0.00223501
0.00213685
0.000554779
-0.00247494
0.000402512
0.000284114
0.000184572
2.3935e-05
7.84059e-05
-0.00178223
-0.000247695
-0.00375286
-0.00167531
0.00029985
-0.00290762
-0.00284632
-0.000720491
-0.00208536
-0.00143017
-0.00101643
-0.000897787
-0.00471979
6.22518e-05
-0.00384698
0.00328246
-0.00263938
-0.00373605
0.00312232
-0.00261911
-0.00179545
0.000268212
0.00153751
0.000580014
0.00018367
-0.00152067
0.00110836
-0.00352259
-0.00180849
-0.00237588
-0.00334247
-0.00280555
-0.00172569
-0.00184392
-0.000662993
0.000271207
-0.000357591
0.0015682
0.000611322
-8.61408e-05
0.00314104
-0.00205019
-0.00380978
0.00310123
-0.00327444
0.000302988
0.00184045
0.000647189
0.000138032
-0.0018551
0.00096891
-0.00362346
-0.00162631
-0.00182952
-0.00281923
-0.00291739
-0.00389482
-0.00159299
-0.000942896
0.000515103
-0.000359452
0.0005949
0.000781663
-0.000844557
0.00313904
-0.00203007
-0.00355793
0.00299022
0.000369515
0.00138018
0.000587239
2.80899e-05
-0.00150186
0.000952871
-0.0037283
-0.00161446
-0.00127749
-0.00304879
-0.00257869
-0.00257975
-0.00134502
-0.000686588
0.000791794
-0.00052839
0.00153762
0.00104132
-6.44673e-05
0.00284978
-0.00215104
-0.00368923
0.00281868
-0.00158787
-0.00210955
-0.000228068
0.000877926
-0.000575152
0.00239891
0.00241634
0.000253177
0.00487404
0.0010359
0.000228447
0.0023897
0.00142012
-0.00148724
0.00235196
-0.000307742
-0.000971605
-3.30406e-06
0.00132696
0.00289041
0.00445111
0.00127155
-0.00425575
-0.000265301
-0.00113358
-0.00132165
-0.00111869
-0.00091309
0.000934962
-0.000814414
-0.00182334
0.00117953
-0.000843314
-0.00129699
-0.00523505
-0.00113344
-0.00117297
-0.00474864
-0.000883623
0.00195012
-0.000976273
-0.000668426
0.00166901
-0.000327105
-0.00083923
-0.000964472
-0.00228128
-0.000286806
0.000262607
-0.00117284
-0.0015528
0.000252005
-0.00103026
-0.00104061
-0.00480522
-0.00183096
-0.000246236
-0.00324313
-0.000688971
0.00204646
-0.000973743
-0.00108987
0.00195782
0.0081305
0.000280611
0.00711042
0.00136581
-0.000249344
-0.000696238
0.00799452
-0.000186841
0.00527492
0.00291597
-0.000378083
5.12172e-05
-0.00036878
-0.000345404
-3.52644e-05
0.000987621
0.00401221
0.000481234
0.000993521
0.000797713
0.0203257
0.00939442
-0.00125827
0.00505966
0.0168496
-0.00127022
0.0161136
0.0105587
-0.000838531
0.00238245
-0.000248238
0.000410144
-0.00137301
-0.000551484
0.0129184
0.00769765
-0.000451597
0.00230352
-0.000674369
0.00100089
0.000134166
0.000493815
0.000674152
0.00111735
-0.000153578
-0.000699968
0.000119417
-0.00111002
-0.000872983
-3.30448e-05
0.00091425
0.00221089
0.00176875
0.000437364
0.0126875
-0.00305534
0.0175068
0.0240501
-0.0023657
0.0217803
0.0145144
-0.00229271
0.00821598
-0.000716204
0.000685394
-0.0027741
-0.00239991
0.0282109
0.0227509
-0.00228032
-0.00167654
0.00725039
0.00778482
-0.00166469
0.0118569
0.0108347
-0.0015448
0.00411517
-0.00133363
0.000575646
-0.0010532
-0.00061587
0.0109738
0.0108775
-0.00066863
-0.00255178
-0.00224699
-0.000892072
-0.00135631
-0.000544166
0.000237841
-0.000773798
0.001144
0.000271511
-9.2399e-05
0.00238622
-0.0016809
-0.00298322
0.0023279
0.0067413
-0.00279853
0.00748715
0.00477711
-0.00166177
0.015286
-0.00148561
0.000713835
-0.00197003
-0.00194011
0.0169264
0.0330422
-0.0019844
-0.00175541
0.0128478
0.00798432
-0.0020592
0.00175491
-0.00100338
-0.00138724
-0.00219199
-0.00157549
0.0122175
0.00854237
-0.00156629
-0.00120196
-0.000955413
8.96558e-05
-0.000369449
0.000460665
0.000527492
-0.00071855
0.00235985
-0.0016838
-0.00312956
0.00228886
0.0139816
-0.00175858
0.00379466
-0.000964444
-0.000174161
-0.00143424
-0.000218571
0.0148839
0.0101555
-0.000173717
-0.00207296
0.00299477
-0.0012129
-0.00024264
-0.00125174
0.000232278
0.0114008
0.00792998
0.000265983
-0.00135702
-0.000950826
-0.00518035
-0.00388455
0.00222103
-0.00200663
-0.00224513
0.00189737
-0.000778509
0.000592614
-0.000808613
0.000151179
0.00947113
0.0166764
-0.000166338
-0.000575168
-0.00103296
0.00180666
-0.000218579
-0.00140739
0.00171436
-0.00132424
0.00150217
0.00104997
0.00134114
0.00123747
0.00242356
-0.00185076
-0.00230749
0.00224766
-0.00115842
-0.00272144
-0.000910557
0.0260921
-0.0010873
-0.00264566
0.00617457
0.00150169
-6.53849e-05
-0.000253166
-0.000253899
-0.000104679
-0.000485117
-0.000580843
-0.000202212
-0.000227573
0.00248526
0.000815707
0.000171926
0.00173836
-0.000597205
-0.000217121
0.000880546
0.000316446
-0.00358689
-6.34912e-05
0.00309311
0.00138011
-0.000362176
0.00064516
0.00130577
0.00664267
-0.00233882
-0.00213323
-0.00103068
-0.00229447
-0.001022
-0.00244383
-0.00167642
-0.00206868
0.00559741
-0.00199944
-0.00121432
0.0122401
-0.0010886
-0.000461124
0.00268368
-0.00191936
0.00241302
-0.00179833
0.0124756
-0.00122843
-0.00209215
-0.00166114
-0.00134936
-0.000310162
-0.000703338
-0.000337389
-0.000201341
-0.000253211
-0.000665409
2.69504e-05
-0.000233375
0.00236293
0.000471553
5.44657e-05
0.00401876
-0.00107685
-0.0010898
0.000252276
5.68567e-05
-0.00354722
-0.000645407
0.00334343
0.00116082
-0.000458385
0.000436135
0.00105442
-0.00190767
-0.00178986
-0.000159419
-0.000420326
-0.000104821
-0.000998051
-0.000844842
-0.000528211
-0.00162423
7.01498e-05
-0.000917405
-0.00106142
-0.000779288
-0.00169716
-0.00351235
-0.0020139
-0.00253264
-0.00192939
0.00213298
-0.0011482
-0.00114442
0.00186281
0.00172144
0.000109918
0.000350485
0.000413136
0.000261089
0.000103458
-0.000442627
-0.000225193
4.96696e-05
-0.000862208
0.0012424
0.000911014
0.00486983
-0.00163155
0.00648002
0.00161847
0.00374609
0.00122478
0.0010129
-0.000381584
0.000991715
-0.000346793
-0.000356438
-7.47451e-05
0.000210159
-0.000282626
-0.000547409
-0.000289007
0.000179351
-0.000160696
0.000317319
0.000388967
0.00437901
-0.00106593
0.00283235
0.000908206
0.00294529
0.0010914
5.32255e-05
-0.00019002
0.00101019
-0.00167717
-0.000507397
-0.000834975
0.000222306
-0.000264223
0.000703639
-0.00168574
-0.000553407
-0.000646938
-0.000304681
-0.000922809
0.000533047
-0.00110929
-0.000117847
-0.00216087
0.00200056
-0.000563864
0.000557355
0.00196781
-5.65662e-05
-0.00178033
-0.00122983
0.000214482
-0.000591434
-0.00173195
-0.000664198
-0.000397447
-0.000510307
-0.000542748
-0.000294018
0.00109989
-0.000262521
-0.00155885
0.00155971
-0.000507073
-0.000545849
0.00150882
-0.000355478
-3.64819e-05
-0.000908166
4.46348e-05
0.000224178
-0.00102807
0.000537119
0.000309489
0.000286757
-0.000244876
0.00325972
0.000451404
-0.000233025
0.00104859
-6.30703e-05
-0.000249234
0.000520038
-0.000893301
-0.000401251
-0.00213033
-0.00265244
-0.000849064
-0.00138345
-0.000531562
-0.000659227
-0.00109011
-0.000104879
3.16621e-05
-0.00266676
0.00184529
-0.00210577
-0.00306889
0.00181223
-0.000370605
-0.00064997
-0.000725663
-0.000888265
-0.00102652
-0.00174367
-0.000549195
-0.000957557
-0.0013051
-0.000335934
-0.00209739
0.00202514
-0.00154888
-0.00155854
0.00176627
0.000370857
0.000164947
0.00257374
8.47358e-05
-0.000126416
0.000787849
-0.000189951
-0.00280914
-0.000447069
0.0022913
0.000892032
-0.000233475
0.00025662
0.000772164
-0.000243107
-0.00035547
-0.00124289
-0.00118439
-0.00108493
-0.00391421
-0.00390328
-0.000640179
-0.00296625
0.0024711
-0.002878
-0.00623992
0.00213736
-0.000569888
-0.00173089
-0.0008832
-0.0010344
-0.00016077
-0.00221956
-5.17048e-05
-0.00210463
0.00194178
-0.00108823
-0.000635603
0.00186503
-0.00092537
-0.000650443
0.00247553
-0.000585941
0.0014943
-0.00104189
0.00803093
0.000204096
-0.000907262
-0.000162163
8.33234e-05
0.00216831
0.00119439
-0.00035488
0.0055389
0.00117809
0.000944266
0.00102607
0.000556777
-0.00155432
0.000946605
0.0019673
-0.000731465
0.00462113
0.000660905
0.00192506
0.000914004
0.000431563
-0.00132302
0.000927432
-0.000674834
0.00749154
0.00471198
0.0162561
-0.000257002
0.00103152
-0.000902307
-0.000569176
-0.00156137
-0.00310367
-0.00179731
0.00185743
-0.00189095
-0.00295174
0.00141444
0.00389706
0.0162693
-0.00344101
0.00332641
-0.00220456
-0.00354492
0.00405032
0.00106951
9.28917e-06
-0.000905222
0.000867548
-0.00259481
-0.000270506
-0.00226695
-0.00269062
0.00110721
0.00182772
-0.000900921
-0.00425568
0.00108988
0.00162741
0.0163192
-0.00241536
-0.00224816
-0.00164978
-0.00197523
-0.0019314
-0.00215428
-0.00234244
-0.00151799
0.0140961
-0.00170585
-0.00146079
0.0149395
-0.000887524
-0.00149563
0.00201787
-0.00160422
-0.00195511
-0.00120925
0.00509809
-0.00126618
-0.0016571
-0.00158477
-0.00131821
-0.00208617
-0.00217647
-0.00058651
-0.00150827
-0.00117679
-0.00166933
-0.00180583
-0.00153109
0.0113851
-0.00170087
-0.00130358
0.0116742
-0.00116414
-0.00130237
0.000628765
-0.00155978
-0.00162496
-0.00106628
0.00281134
-0.00101686
-0.00139078
-0.00121728
-0.00100838
-0.00259669
-0.0028445
0.00067353
-0.00020808
0.000338497
-0.000355212
-0.000713245
-0.00150093
-0.00155082
0.000113191
-0.00111037
-0.000774226
-0.00155516
-0.00184272
-0.00463507
0.000560239
-0.00329644
-0.000507224
0.00236331
-0.00121559
-0.000777531
0.0021887
-0.00340973
0.0010175
0.000234287
-0.000798916
0.000376095
-0.000661727
-0.0024285
0.000952752
0.000862375
-0.00133996
-0.00059768
-0.00167599
-0.00392205
-0.00406327
-0.00175439
-0.00629987
-0.000950805
0.0022643
-0.0014688
0.00037997
0.00206357
0.000192824
-0.000216288
-0.000628265
8.942e-05
-0.000543838
1.85691e-05
0.000264107
0.000464832
0.000442987
-0.000629373
-0.0013492
-0.000606476
-0.00287599
-0.000692417
-0.00281379
-0.000216953
0.00145037
-0.000774154
0.000297392
0.00146078
-0.00307247
-0.000600169
-0.0011019
-9.18376e-05
-0.00216392
0.00106761
-0.00173686
-0.00101958
-0.00108734
-0.000976297
-4.0835e-05
0.000946399
0.000393817
0.000417746
-0.00072739
0.00236441
-0.000865633
0.000689638
0.00233426
5.08822e-05
-0.00417429
-0.00101609
-0.000681839
-0.000211062
-0.00282644
-0.000344856
-0.00376332
-0.00246352
-0.000251798
-0.000175551
-0.000221623
-0.000303704
-3.64667e-05
0.00201861
-0.0034863
-0.000527295
0.00205526
-0.000266907
0.000369297
-0.00201664
0.00117851
0.000436183
-0.000956986
-0.00102493
-0.000638796
-0.0015709
8.62069e-05
-0.000712849
-0.00116343
-0.000727486
0.00233119
-0.00108749
0.000582088
0.00177674
-0.00209106
-0.00201606
-0.00184492
-0.00351848
-0.00128927
-0.00476321
-0.00352423
-0.000353915
-0.00100287
-0.0002421
-0.000275559
-0.000372523
0.00251182
-0.00644341
-0.00314738
0.00255962
-0.00131258
-0.000581035
-0.00110528
-0.000506447
-0.00280959
-0.00359549
-0.000511834
-0.00107035
7.44464e-05
-0.000862757
-0.000383844
0.0020055
-0.00244884
-0.00130304
0.00184354
-0.00196836
-0.00085524
0.00950851
-0.00113194
-0.0016289
0.00170319
-0.00192961
-0.00152527
-0.0010303
0.00293578
-0.00151732
-0.00157359
-0.0015851
-0.00144428
-0.000177869
-0.000790128
-0.000572849
-0.000224985
0.000231098
-0.00394098
0.00134957
-0.000292988
0.000125663
0.00256165
-0.00242205
-0.00682696
0.00231917
-0.00158847
-0.00207448
-0.001168
-0.000272731
0.000335089
0.000640919
0.000531267
-0.000369156
0.00208802
-0.00173329
-0.000278037
0.00201002
-0.000496919
-0.000428723
0.00213816
-0.000754679
-0.00141663
-0.000409026
0.00302421
-0.000348447
-0.000886789
-0.000632851
-0.000362225
-0.00570314
-0.00052476
-0.000791651
-0.00105997
-0.000673155
-0.000307777
0.00178621
-0.00423478
-0.00113814
0.00178144
-0.00147051
-0.00146894
-0.000488956
-0.00192001
-0.000687942
0.00201207
-0.00382773
-0.000824212
0.00204576
-0.00227129
-0.00137235
-0.00270077
0.00292914
0.000863266
-0.00114889
0.000258244
0.000659442
0.000422066
-0.00557693
-0.000594072
0.00241354
-0.00311408
-0.00353715
0.0020885
-0.000940713
-0.00152788
0.00201929
-0.001062
0.000547057
0.00187391
0.000148931
0.00166828
-0.00189622
-0.000207765
0.00144303
0.000430874
-0.000286407
0.000134323
0.000253107
0.0020567
0.00214776
-0.000740907
-0.00496712
0.00209458
0.00201752
-0.00230034
-0.00263185
-0.00085083
-0.00222228
-0.00138052
-0.00262155
-0.00243894
-0.00210419
0.0112423
-0.00255867
-0.0015413
0.020566
-0.00221265
-0.00224477
0.000838997
-0.00234066
-0.00176415
-0.0020483
0.0045455
-0.00186854
-0.00216164
-0.0019849
-0.00185342
-0.00264539
-0.00278058
0.000623652
-0.000453066
0.000320531
-0.000566653
-0.00105839
-0.0010669
-0.00166072
-0.000180413
-0.00303202
-0.00104632
-0.00145747
-0.00199175
-0.00428563
-7.47787e-05
-0.0032825
-0.00132928
0.00236687
-0.00136019
-0.00069508
0.0020999
-0.00432835
0.00119241
0.000211333
-0.000753664
0.000195503
-0.000509596
-0.00134987
0.000800994
0.000691922
-0.00298384
-0.000651379
-0.0019048
-0.00481199
-0.00382155
-0.00135442
-0.00694458
-0.00135538
0.00230878
-0.00161961
0.000388516
0.00210593
0.00032703
0.000308508
-0.000332083
0.00030252
-0.000450877
1.37529e-05
0.000462792
4.52198e-05
-0.000144082
-0.000847476
-0.00124017
-0.00275801
-0.00260957
-0.000347868
-0.0042213
-0.000897145
0.00171879
-0.000734514
0.000371958
0.00172096
-0.00265335
-0.000505031
-0.00115543
0.000419993
-0.00121909
0.000923586
-0.00170557
-0.00257782
-0.00125499
-0.000792036
-0.000310105
0.000803748
-5.31992e-05
0.000554392
-0.00145702
0.00232763
-0.000782517
0.000619055
0.00229399
-0.000383793
-0.00318538
-0.00127084
-0.000890555
-0.000394857
-0.00260833
-0.00105968
-0.00415251
-0.00297523
-0.000716145
-0.00017456
-3.34018e-05
-0.000584936
-0.00105496
0.00197869
-0.00262171
-0.000533071
0.00187947
-0.000525098
0.000311049
-0.0011393
0.000986808
0.000226299
-0.00384118
-0.000712178
-0.000455954
-0.0013772
-0.000132694
-0.00143368
-0.00119719
-0.000818775
0.00225164
-0.00103153
0.000661781
0.00179891
-0.001723
-0.00135174
-0.00214586
-0.00362438
-0.00352526
-0.00440674
-0.00335549
-0.000109892
-0.00113008
-0.000509558
-0.000158748
-0.00115541
0.00237192
-0.00584828
-0.00288512
0.0023786
-0.00111414
-0.000792967
-0.000924397
-0.00187153
-0.00276235
-0.00388826
-0.000790468
-0.000922498
-0.000338781
-0.00115048
-0.00114163
0.00209081
-0.0021728
-0.00140854
0.00188459
-0.00147592
-0.000843295
0.0112868
-0.000593307
-0.000429982
0.00131522
-0.0011593
-0.00113549
-0.000460045
0.00370094
-0.000581906
-0.00102445
-0.000984618
-0.000662493
-0.000492874
-0.0037133
-0.000753231
-0.000290486
0.000271235
-0.00357323
0.000475308
-9.66686e-05
-0.00087832
0.00241619
-0.002581
-0.00609905
0.00213836
-0.00205854
-0.00235123
-0.0011589
0.000197766
0.000414337
-7.76925e-05
0.000484352
-0.000856301
0.00203375
-0.00173243
-0.000437717
0.00196142
-0.00241674
-0.00276218
0.00322163
-0.00327071
-0.0015408
-0.00227086
0.00890879
-0.00300995
-0.00296297
-0.00297268
-0.00305052
-0.00486542
-0.000690452
-0.000671275
-0.000881625
-0.000769826
-0.000711759
0.00189246
-0.00395078
-0.00109046
0.00179948
-0.00108335
-0.00155918
-0.000532287
-0.00207624
-0.000179374
0.00181447
-0.00373372
-0.000831075
0.00181308
-0.00217641
-0.000812805
-0.00417621
0.00380409
0.00106337
-0.000965866
0.000364908
0.000774914
-7.81262e-05
-0.00520434
-0.00113696
0.00237952
-0.00292059
-0.00348122
0.00193315
-0.00103098
0.000898812
0.00131825
-0.0012365
-3.62314e-05
0.00111005
-0.000685216
0.001937
-0.00184964
-0.000105279
0.00158576
-0.000310192
-0.00101953
-0.000493893
-0.0005435
0.00201597
0.00209633
-0.000791422
-0.00461236
0.00189268
0.00189632
-0.00230795
-0.00262698
0.000484767
-0.00027917
0.000348644
-0.000506262
-0.000806057
-0.00150992
-0.00156781
7.09063e-05
-0.00171888
-0.000824508
-0.00103558
-0.00189252
-0.0045104
0.000365079
-0.00342511
-0.000248437
0.00229953
-0.00132197
-0.000604572
0.00213534
-0.00487925
0.00104805
6.0957e-05
-0.000568582
0.00019099
-0.000495258
-0.00120933
0.000943152
0.00087346
-0.00196083
-0.000397282
-0.00155497
-0.00598091
-0.00383515
-0.00171001
-0.00718899
-0.00152969
0.00234095
-0.00160834
0.000802383
0.00210392
0.000187678
7.4933e-05
-0.000330525
-0.000132009
-0.000987837
-0.000121004
0.000201311
0.000481044
-0.000401294
-0.00113047
-0.00144703
-0.00371594
-0.00289657
-0.000761587
-0.00386035
-0.000588595
0.00151209
-0.000998759
0.000312935
0.00152315
-0.00290161
-0.000881929
-0.00140441
0.000212919
-0.000823634
0.000752736
-0.00200124
-0.000433807
-0.0013527
-0.000682739
0.000240899
0.000908781
0.00012582
0.000702399
-0.000257894
0.00199684
-0.00118647
0.000457509
0.00206577
-0.000470111
-0.00365672
-0.00157916
-0.00124304
-0.000179306
-0.00218446
-0.000571369
-0.00436659
-0.00298012
-0.000189933
-0.000129673
-0.000542458
-0.000324098
-0.00051177
0.00187914
-0.00324194
-0.000411468
0.00191798
-0.000492408
0.000464863
-0.000981774
0.000950185
0.000213009
-0.00210803
-0.00081812
-0.000481196
-0.0015017
-0.000245263
-0.000541189
-0.000979631
-0.000951085
0.00221539
-0.00103579
0.000673512
0.00169088
-0.00175806
-0.00140445
-0.00192853
-0.0037538
-0.0018946
-0.00457749
-0.00294827
2.34677e-05
-0.000931305
-6.69144e-05
-0.000210973
-0.000267312
0.00228961
-0.00631474
-0.00296102
0.00234032
-0.00108159
-0.00030026
-0.00077496
-0.00152188
-0.00367008
-0.00457678
-0.000557893
-0.000823072
-2.94119e-05
-0.000806986
-0.000343155
0.0021877
-0.00236927
-0.00133676
0.00207618
-0.00105728
-0.000444572
0.00776737
-0.00124428
-0.00127881
0.000978792
-0.00109813
-0.000899012
-0.00105043
0.00232545
-0.00042748
-0.000871904
-0.00061684
-0.00037603
-0.000163744
-0.00169839
-0.00039084
8.46869e-06
0.00058728
-0.00351309
0.00110743
-7.59349e-05
0.000100799
0.00236725
-0.00268606
-0.00678117
0.00214101
-0.00137334
-0.00207124
-0.00102709
0.000243796
0.000111438
0.000326388
0.000479596
-0.000270102
0.00180197
-0.00172436
-0.000448045
0.00177758
-0.00141283
-0.00115016
0.000982858
-0.00166119
-0.00122345
-0.00127145
0.00411081
-0.0013522
-0.00164764
-0.0015622
-0.00138408
-0.00679384
-0.000576239
-0.000576882
-0.0015063
-0.000871796
-0.000188828
0.00201043
-0.00425801
-0.000848115
0.00200165
-0.00105668
-0.00126684
-0.00115501
-0.00179442
-0.000424758
0.00209159
-0.00381513
-0.000723007
0.00212243
-0.00225636
-0.000506511
-0.00533283
0.000898131
0.00133945
-0.00118404
0.000716584
0.00113974
0.000499838
-0.00524797
-0.000360238
0.00232158
-0.00308558
-0.00325473
0.00197064
-0.000813974
-0.000854161
0.00199645
-0.000984792
0.000709261
0.00181413
-0.00112525
0.00196434
-0.00217376
6.03077e-06
0.00161037
0.000448786
-0.000281941
0.00027727
0.000327207
0.00199514
0.00207809
-0.000732288
-0.0047533
0.00203268
0.00195577
0.0314388
-0.00167346
0.00169204
0.004141
0.00246541
0.00680999
-0.00167242
0.00285583
-0.00148628
-0.00213634
0.00539494
0.0104154
0.0260427
0.0301111
0.00281494
0.0382535
0.00164922
-0.00157768
0.0115955
0.00287687
-0.00161471
-0.0013414
0.00232382
0.00387734
0.00234906
0.00731182
-0.00141279
0.00295148
-0.000975176
-0.00227984
0.00742409
0.0109578
0.0249172
0.0265183
0.00249187
0.0322762
0.000997888
-0.00264836
0.00903113
0.00139159
-0.00257955
0.0011714
-0.000540772
0.000469755
0.000160005
0.000246218
-0.000821274
0.000572349
-6.77951e-05
0.000974123
0.000546125
-0.000673991
-0.00105368
-0.000376177
-0.00176227
-7.15674e-05
0.00140695
0.000189244
-0.000466451
0.00130816
0.000668288
0.00356543
0.00355929
-0.000204266
0.00179837
0.000948619
-0.000434058
0.00678393
0.0047622
0.00197435
0.00348829
0.000459456
0.00243577
0.000226064
0.000788054
0.00524887
0.00199436
0.000720362
0.00141361
0.000437697
-0.000248215
0.000279981
6.90682e-05
0.000290982
0.00230863
0.00236662
0.00333133
0.00567603
0.000542135
0.00562872
0.000305866
0.000523389
0.00284781
0.000196133
4.38179e-05
0.00443288
-0.000753709
0.00563245
0.00240116
-0.000616171
0.00770565
0.0063804
0.00151578
0.00828607
0.000588363
0.00412652
-0.000429203
0.000337794
0.0103492
0.00532381
0.000302423
-0.00060077
0.00334566
0.00131081
-0.000741028
0.00960271
0.0105141
0.00463673
0.00919298
0.00112438
0.00803832
-0.00026597
-5.81558e-05
0.00731178
0.00378776
-0.000233067
-0.0016733
-0.000245485
-0.000743181
-0.000408442
-0.00067185
-0.00159233
-0.00287506
0.00015027
-0.0024741
-0.000397894
0.00151654
-0.000807458
-0.000953483
0.00135935
0.000803212
-0.00120014
0.00369901
0.00358177
-7.39331e-05
0.0176286
-0.000986803
0.00603509
-0.00124636
-0.000758294
0.0086251
0.0123252
-0.000880868
2.44497e-06
0.00257621
0.00147905
-0.00110733
-0.000471523
0.000361811
-0.00141306
-0.000123499
0.00113247
0.00126054
0.000349259
0.00100345
-0.000585713
-0.000730465
-0.0016282
-0.00383759
-0.000222095
-0.00227466
-0.000514545
0.00182616
-0.00103915
-0.000869251
0.00164782
0.0140405
0.00547273
0.00760553
0.00156678
0.00711714
-0.000288885
-5.08497e-05
0.00961001
0.00350646
-0.00013188
0.00833142
0.0121763
0.00159285
0.0135964
0.000779658
-0.000386104
0.0101354
0.00316448
-0.000465254
0.0167124
0.00220973
0.0271508
0.00175641
-0.000791197
0.00753315
4.88668e-05
-0.000947886
0.00120856
0.0394308
-0.000949505
-0.00331144
0.0176163
0.0139709
-0.00343391
0.00273801
-0.00107982
0.00101169
0.00165425
-0.000548056
0.00088621
0.00105887
-0.00257248
0.0138169
0.00453388
-0.00263602
0.0013281
-0.000559319
-0.000781406
0.00105092
-0.000544851
-0.000215628
-0.000837857
0.00924363
-0.000643822
-0.000286514
-0.00188123
0.00314635
0.00809381
0.002017
0.00795705
-0.00333274
-0.00010528
-0.00238143
-0.00304526
0.00850353
0.015951
0.0590422
0.0309545
0.00971415
0.0629858
0.010102
-0.00417896
0.0131857
5.64284e-05
-0.00382286
-0.00101158
0.000187269
-0.000812595
-0.000177855
0.000577679
-0.000225466
-0.00116536
0.000423313
-0.000476001
-0.000537859
-0.00183038
-0.00210248
-0.000587735
-0.00228546
-0.000661374
0.00149843
-0.000382123
-0.000423692
0.00146508
0.000878922
0.00137142
0.00268804
7.46076e-05
-7.65648e-05
-0.00140448
-0.000244701
0.00357468
0.00431843
0.00340451
0.00229625
0.00234338
0.00489285
9.29562e-05
0.000865287
0.0044178
0.000725138
0.000772513
0.00181628
0.00176359
-0.000669496
-0.000338231
-0.000599655
-0.0007935
0.0030696
0.00445245
0.0122919
0.00874637
0.0052274
0.0153081
0.00178445
-0.000687427
0.00587716
3.89709e-05
-0.000845091
0.00229635
-2.68144e-06
-2.1389e-05
-0.00175262
1.41819e-05
0.00327251
0.0037903
0.00132993
0.00393387
0.00174
0.00442013
-0.000278045
0.000721171
0.00668263
0.00161486
0.000838397
-0.000757167
0.000872724
-0.000800709
-0.000472254
0.0063904
0.00993523
0.00752478
0.00708048
0.00310297
0.0104599
-0.000372219
0.000215301
0.00667841
0.000610205
-8.19699e-05
0.000780713
0.000226375
-0.00112826
-0.000662613
-0.00114903
-0.00361998
-0.00225413
-0.00169931
-0.00479484
-0.00105806
0.00189735
-0.000962388
0.000374123
0.00170939
-0.000361928
0.000525593
0.000771348
0.000734543
-0.00299282
0.00467011
-0.000607411
0.00125976
-0.00103647
0.00103312
0.00208311
0.0009858
0.000752569
0.000373529
-0.000896153
-0.000684382
-0.00326484
-0.00116427
-0.000628991
-0.00282344
-0.000783577
0.00158881
-0.000838065
-0.000392633
0.00142758
-0.000293433
-0.0010778
-0.0031895
-0.00328086
-0.000674101
-0.00467655
-0.000786635
0.00173314
-0.00131279
0.000216173
0.00158031
0.0117179
0.0104068
0.00599811
0.00616074
0.0119296
0.00102062
0.00020331
0.00862323
0.00121757
0.000230997
0.0185903
0.013053
0.00715309
0.0234064
0.00317639
-0.000685794
0.0126975
0.0014136
-0.000732783
0.028328
0.0138862
0.0816261
0.01922
-0.00546453
0.015518
-0.00225935
-0.00525521
0.00494198
0.0542941
0.00195258
-0.00297383
0.0171121
0.00545735
-0.00298986
0.0173743
0.00558706
-0.00125685
0.00724225
0.000150313
-0.00125802
0.0143375
-0.00690251
0.0233112
0.00267299
-0.00637846
-0.000159808
0.00117892
-0.00103574
-0.000332884
-0.00108148
0.000613068
-0.000972776
0.0043299
-0.00114031
0.000367379
0.000479114
-0.000226455
-0.000551143
-0.000388139
0.000144409
-0.000569439
-0.00032666
0.000397562
0.000129469
0.000441768
-0.00112886
-0.00128744
-0.000228749
-0.00138276
-0.000522853
0.00129409
-0.000313644
-0.000203749
0.00125204
0.000691614
0.000738874
0.00321033
-0.000130896
-8.32142e-05
1.12409e-05
8.22971e-05
0.00444254
0.00390121
0.00247281
0.00185384
0.00121419
0.0033419
-0.000199012
0.000697367
0.00271537
0.00033176
0.000680424
0.000988048
0.00129719
-0.000834339
7.83599e-05
6.9445e-05
-0.000453083
0.00283448
0.00387965
0.00696544
0.00450721
0.00236653
0.0083075
0.000923043
0.0002685
0.00328693
-0.000148257
-0.000152877
0.00195394
-0.000170816
-0.000558236
-0.00139666
-0.000210316
0.00220842
0.00291626
0.00089888
0.00175063
0.00100497
0.00181244
-0.000559133
0.00110027
0.00302453
-0.000354854
0.00118313
-0.000763416
0.000607733
0.000118045
-0.000819542
0.00696016
0.00908965
0.00703791
0.00566431
0.00208078
0.00840466
-0.000230498
0.000172384
0.00506137
0.000296544
-5.88253e-06
-0.000131728
-0.000160869
0.000455536
-0.000585243
-0.00108749
-0.000852243
-0.00151645
-0.000918622
-0.00253333
0.000263426
0.00100924
-0.000758601
7.70762e-05
0.000995813
-0.000367729
-4.26508e-05
0.000677761
0.000341367
-0.00177478
0.0028285
-0.000421051
0.000209378
-0.000637543
0.00107219
9.6269e-05
-0.000922431
0.000859844
-0.000181379
0.000322579
0.000492927
-0.00237757
-0.000831611
-0.000216707
-0.00133246
-0.000865405
0.00131669
-0.000251426
-0.000224432
0.00140731
-0.000750799
-0.000492267
-0.000325908
-0.00246745
-0.000582289
-0.00240048
0.000319522
0.000990363
-0.000958169
0.000107574
0.00101121
0.0113881
0.00858123
0.00498275
0.00359078
0.00828327
0.000972943
0.000144585
0.00585503
0.000307408
0.000189477
0.0144637
0.00991265
0.00390806
0.015624
0.00258774
-0.000492975
0.00866389
0.000401067
-0.00034979
0.0213013
0.00798447
0.0563876
0.0151033
-0.00399022
0.0107952
-0.00142769
-0.00407892
0.00263918
0.0340512
0.00166658
-0.00159613
0.0095464
0.00166904
-0.0016809
0.00843695
0.00311056
0.000202732
0.00353714
-0.000132822
0.00012862
0.00982711
-0.00363928
0.0129502
0.000286613
-0.00369592
-1.89876e-05
0.000988105
-0.000745481
-0.000104852
2.1929e-05
0.000989952
-0.000898512
0.000770402
1.85381e-05
0.000865104
0.00422543
0.0189481
0.00493929
-0.00156829
0.000331453
0.0222125
-0.00155573
0.0216811
0.0133756
0.000748978
0.00020506
0.00183672
0.000697401
-0.00204669
-0.00248588
0.0143073
0.00233092
-0.00240754
0.00310809
0.00037823
-0.000543138
-0.000242243
0.00159034
-0.000731853
0.00396346
0.00211093
0.000985748
-0.000109229
0.00162908
0.00068324
-0.000132656
-0.000281645
0.0034317
0.00016996
-0.000674301
0.00350898
-0.000966809
0.00109561
0.0150766
-0.00053019
0.013347
0.00848877
-8.41348e-05
0.000416488
0.000529947
0.000203694
-0.000778193
-0.000516067
0.0135112
0.00285925
-0.00041986
-0.000190087
0.00012498
0.00218018
0.000132926
0.00447802
0.00367159
9.288e-05
-0.000186874
0.00018277
0.000155398
1.10111e-05
0.00116303
0.00376701
0.000474986
0.0010731
0.000532145
-0.000829462
-0.00117045
-0.000791277
-0.00035908
-0.000479209
0.000409625
0.000122951
0.000127346
0.000100147
0.00178771
-0.00076712
0.000421334
0.00177659
0.000710921
0.000357723
0.000995248
0.00036742
0.000121925
-0.00132159
-0.000276938
-0.000418016
0.000288184
0.00128896
0.00108883
-0.00104471
0.00113439
-0.00134032
0.0114503
0.00643753
-0.000484579
-2.85987e-05
-0.000419162
-0.000242962
-0.00118945
-0.00126993
0.00889552
0.00138352
-0.00123711
-0.000996559
-0.000331347
-0.000397844
0.000141879
4.34656e-05
0.000346292
-0.000637854
0.00145607
-0.000752603
0.000157784
0.00139562
0.0127207
0.000525011
0.0007659
0.00118165
0.000740366
-0.000682745
-0.000514321
0.0106387
0.00172891
-0.000435361
0.000895638
0.000442687
0.000919238
0.000778634
-0.000612718
2.13283e-05
0.00768787
0.00136068
8.10985e-05
-0.00111808
0.00012249
-0.000800708
-0.00149458
0.00113472
0.0006204
7.3927e-05
0.000851771
-5.54172e-05
-0.00132293
0.00040171
0.00107568
5.72023e-05
-0.000796942
0.000899289
-8.73252e-05
-0.000440681
0.000766657
0.00108699
0.000159708
0.000695469
-0.000986715
0.0010199
0.00057828
-0.000379507
0.000870106
0.00125473
-0.000800069
0.000197983
0.00110995
-0.000327087
0.000829414
-0.000852177
0.00273367
-0.000260421
0.000724342
0.00569271
0.0030727
-0.000242786
0.000256791
0.00199046
-0.00028014
0.00710409
0.00493704
0.00130887
0.000702979
0.0025836
0.00180628
-1.24198e-05
0.000169681
0.00626982
0.000701272
-0.000206181
0.0172827
-0.00312931
0.00766428
0.0292434
-0.00217754
0.0404388
0.0283602
0.000208456
0.00538812
0.00454125
0.0026362
-0.00238783
-0.00274166
0.0363545
0.0114396
-0.00249397
-0.00147128
0.00344682
0.00943072
-0.000402053
0.0268065
0.0237192
0.00251685
0.00437537
0.00250012
0.00358785
-0.00122384
-0.000820791
0.0179117
0.00626735
-0.000895215
-0.000426256
-0.00201655
-0.000359305
-0.00206499
-0.00178829
-0.000527676
-0.000477296
-0.000121271
-0.000371855
-1.03312e-05
0.00143405
-0.00260876
-0.000533368
0.00144321
0.00325095
-0.000398293
0.005287
0.00345676
-0.000247286
0.00296973
-0.000502211
0.000753769
-0.000213229
0.000602968
0.00749156
0.00545031
0.000483237
-0.00127758
0.0266104
0.0167571
-0.000274779
0.00176857
0.00108417
-0.000227708
-0.00165476
-0.00212843
0.0181996
0.00527056
-0.0020186
-0.00268174
-0.00192786
-0.000467781
-0.000259748
-0.000229168
-0.000682815
-0.000514516
0.0014582
-0.00261794
-0.00070254
0.00141057
0.0463103
0.00498913
0.00538476
0.0084624
0.00603133
-0.00175537
-0.00435578
0.0346503
0.00810603
-0.00417764
0.00456097
0.00541185
0.00601665
0.00599013
-0.00125626
-0.00223835
0.0276454
0.00668278
-0.00207206
0.00143619
0.00158751
0.00391411
-0.000827774
0.000697457
0.00326344
8.87311e-05
0.000580488
0.000366328
0.00380224
-8.0615e-05
0.000585727
0.0072321
0.00384129
0.000443139
0.00241979
-0.000486191
0.000232857
0.0056219
1.24548e-06
0.000189265
5.58498e-05
0.000475789
0.00603119
0.00105925
0.000494715
0.00137552
-0.00148834
-0.000214584
0.00124389
-0.00219567
0.000176482
-0.000650956
0.0122628
-0.00203342
9.89528e-05
0.00236299
-0.000269911
0.00201709
0.00265385
-0.000202692
0.00771451
0.0058174
0.0016045
0.00267015
0.00224482
0.00262935
-0.000245969
-0.000345781
0.0116954
0.00279156
-0.000544989
0.000111365
0.000276236
0.000209151
0.000140551
0.00444702
0.00449711
0.00188003
0.00150204
0.00129309
0.00254688
0.000243362
0.000543735
0.00427082
0.000203075
0.000271085
0.00074857
0.00016727
-0.000818868
-0.000554622
-0.000627781
-0.00144627
-7.17151e-05
-0.000530246
-0.00110532
-0.000620118
0.00188213
-0.000670628
0.00060742
0.00141134
-7.19133e-05
0.00072771
0.000799026
0.00039912
-0.000256133
0.00150854
-0.00080897
0.000227385
0.000177712
0.000662852
0.00279508
0.00169809
0.000620644
0.000305949
0.0016309
0.000829588
2.05334e-05
0.000128573
0.000231787
-0.000124436
-8.05367e-05
0.000772468
0.00249019
0.000654434
0.00039331
-0.000650535
-0.000601756
-0.00145212
-0.000145094
-0.000926148
-0.00083825
-0.00108438
0.00180502
-0.00088524
0.000351976
0.00140986
0.0103223
0.00357774
0.00296058
0.00434231
0.00374865
-0.000217839
-0.000399619
0.00959627
0.00138591
-0.000775362
0.00465476
0.00392253
0.00343134
0.00616197
-0.000152903
-0.000257325
0.00876008
0.000326606
-0.000593499
0.00485001
0.0037271
0.0130939
0.00177525
-0.000254005
0.00477542
-0.000410934
-0.000611417
0.00183364
0.0102474
0.000669363
-0.00026941
0.00677946
0.0018396
-0.000597388
0.00463684
0.000596302
-0.000566927
0.00452247
6.47347e-05
-0.000704532
0.00222542
-0.00077039
0.00675077
0.000360844
-0.000954924
0.00075878
6.9756e-05
-0.000214549
0.000374878
-0.000976161
0.000260752
-0.00114733
0.00462153
-0.00122728
6.7019e-05
-0.00148228
0.00663319
0.0112283
-0.00108278
0.0252654
0.023259
0.00111858
0.00609083
0.002606
0.00291267
-0.00109431
-0.000805797
0.0229164
0.0114406
-0.000768526
-0.0015435
-0.00303749
-0.00115893
-0.00336631
-0.00244865
-0.000108754
-0.000881468
-9.90389e-05
-0.00046107
-8.06151e-05
0.00193626
-0.00482321
-0.00207983
0.00190756
0.00757846
-0.00175181
0.0105351
0.00848432
-0.000803762
0.0129153
-0.000976226
0.00192872
-0.00139382
-0.00124103
0.0243597
0.024892
-0.00129808
-0.00178269
0.0251418
0.017898
-0.00125624
0.00293914
0.000510846
-0.000503809
-0.0023666
-0.00283096
0.0249603
0.0103633
-0.00268704
-0.00325337
-0.00256807
-0.000646341
-0.0010234
-0.000203951
-0.000321269
-0.000847693
0.00181249
-0.00460435
-0.00260826
0.00177581
0.0429076
0.00198838
0.00902956
0.00627936
0.00521156
-0.00280888
-0.00323426
0.0435972
0.0160925
-0.00319999
0.0026254
0.00857289
0.00547567
0.00568877
-0.00224045
-0.00227704
0.037193
0.0138747
-0.00209433
0.00151654
0.000921381
0.00142562
-0.00184158
0.00117117
0.00250964
-0.00102104
0.00101808
0.000586777
0.00625687
-0.000770349
-0.000540485
0.0199159
0.0161758
-0.000727827
0.00188347
-0.000945058
0.000355644
0.00797851
0.000367164
0.000282046
-0.000730159
0.000558508
0.00940479
0.00351477
0.000413132
0.00166759
-0.00359188
-0.00208037
0.00154812
-0.00488896
-0.00206367
-0.000605796
0.0375046
-0.00492236
-0.00211838
-0.000658613
-0.000969057
-0.00100901
-0.00203732
-0.00190074
-0.000658416
-0.000805243
-0.000117931
-0.00112553
-0.000289105
0.00154326
-0.00173331
-0.00123755
0.00134525
0.00248601
-0.000581905
0.00672459
0.00661839
-0.000368691
0.00742087
-0.000312979
0.00218481
-0.000380282
0.00013292
0.00902425
0.011314
-8.94756e-05
-0.000137397
0.0113953
0.0100625
2.31838e-05
0.0018497
0.000196373
0.00028614
-0.00047563
0.000173317
0.00837983
0.00455601
7.00236e-05
-0.00207126
-0.00261356
-0.000774533
-0.000874638
-2.44867e-05
-0.000891032
-0.000825513
0.00157055
-0.00186991
-0.00146581
0.0014044
0.0500231
0.0061709
0.00882075
0.00679377
0.00819739
-0.00172004
-0.00295575
0.0261816
0.0103854
-0.00287563
0.00781503
0.0116394
0.00703083
0.0121376
-0.00213009
-0.00391826
0.0277327
0.0111093
-0.00359482
0.00432964
0.00204349
0.0086036
-0.00143871
0.000350172
0.00443616
-0.000501984
0.000226372
0.00135657
0.00999501
-0.00052051
-0.000286004
0.0116949
0.00937308
-0.000646346
0.00296567
-0.000748957
0.000478665
0.00401167
0.000373713
0.000236282
-0.000563232
-0.000156824
0.00878696
0.00253758
-0.000447629
0.0016123
-0.00142666
-0.000719012
0.00138475
-0.00160185
-0.000717549
-0.000908421
0.0164202
-0.00158537
-0.00090609
-0.000363736
-0.000636347
-0.000543885
-0.000404117
0.000161311
-0.00306443
0.000933478
-0.000155684
-4.66633e-05
0.00200944
-0.00195132
-0.00533594
0.0017919
-0.000794256
-0.00158936
-0.00105579
-0.000135972
-0.000196677
0.000266346
0.000348397
-0.00049396
0.00126816
-0.00126244
-0.000477887
0.00122751
-0.000515771
-0.000721191
0.00177053
-0.000902756
-0.000923979
-0.000169905
0.00273915
-0.000336017
-0.000719874
-0.000584984
-0.00036964
-0.00289586
-0.000621585
-0.000805747
-0.00103323
-0.000856945
0.000126362
0.00140939
-0.00301769
-0.000989972
0.00133808
-0.00130547
-0.00104162
-0.000808361
-0.0014661
-0.000494448
0.00125599
-0.00274382
-0.000740104
0.0012684
-0.00152002
-0.00139135
-0.00263247
0.0016009
0.000807881
-0.00104057
0.000289824
0.000627756
0.000171715
-0.00359372
-0.000673741
0.00170334
-0.00224097
-0.00276137
0.0013885
-0.000656845
-0.00124077
0.00162158
-0.000622076
0.00048788
0.00148294
-0.000742536
0.00134601
-0.00135893
-0.000168817
0.00115281
0.000440493
-0.000382652
0.000163396
0.000321063
0.00161266
0.00175515
-0.000574783
-0.00379206
0.00162478
0.0016302
-0.000411828
0.00347167
0.00279819
0.000111317
0.00172653
-0.000177318
0.000151508
5.1255e-05
0.000543564
0.00591517
0.00494345
0.000332609
-0.000490636
-0.000192407
-0.000159316
-0.00286965
0.000456793
-0.000195071
-0.000474677
0.00202888
-0.00209618
-0.0055022
0.00179699
0.00815301
-0.000285117
0.00588931
-0.000626795
0.00166381
-0.000895316
0.000184895
0.0114852
0.00854491
0.000184153
-0.000645748
0.00602521
-0.000388326
0.00220837
-0.00102777
0.00035843
0.00912157
0.00785091
0.000163875
-0.00121735
-0.000779227
-0.0021749
-0.00292195
0.00155135
-0.000969606
-0.00297529
0.00126325
-0.00130285
0.00963863
-0.00275941
-0.00280786
0.0204518
0.0371552
-0.00264604
-0.000799028
-0.00101507
0.00123388
0.000180912
-0.00205707
0.00110965
-0.00155093
0.000428774
0.00529243
0.00483835
0.000175521
0.00173927
-0.00210555
-0.00459478
0.00137559
-0.00189988
-0.00484423
-0.00104299
0.0345399
-0.00164843
-0.00460446
-0.00140714
-0.000980935
-0.000445833
0.000246768
0.00026088
0.000232136
-0.000644073
0.00138694
-0.00125725
-0.000511297
0.00133208
0.0189926
-0.000368154
0.00153929
0.00111505
2.6275e-05
-0.00163438
-0.00109686
0.0167684
0.00553211
-0.00100274
-9.3987e-05
0.00214998
0.000384731
0.00017072
-0.0011762
-0.000220509
0.0124598
0.00451116
-0.000202189
-0.000894541
-0.000340704
-0.0023645
-0.00191477
0.00131443
-0.000848996
-0.00031272
0.00109417
2.01324e-05
-0.00103559
-6.87344e-05
0.000908173
0.00333139
0.00261546
0.00058345
-9.41786e-06
-0.000802756
0.00117819
0.00113521
2.50823e-05
0.00106623
-0.00101103
0.00116913
0.000468297
0.000139055
0.000950108
0.00146925
-0.00137606
2.93718e-05
0.00129596
-0.000844244
0.000177336
-0.000668768
0.00959562
-0.000806649
0.000103209
-0.00368323
-0.000888101
-0.000545925
-0.00127565
-0.000609335
-0.000650727
0.00145304
-0.00307254
-0.00101051
0.00141455
-0.00083154
-0.00116213
-0.00103809
-0.00110096
-0.000129912
0.0015243
-0.00313638
-0.000821527
0.00161205
-0.00223351
-0.000994882
-0.00257779
0.00483167
0.000469008
-0.00143822
-6.09374e-06
0.000283734
-6.28363e-05
-0.0046243
-0.00083023
0.0019624
-0.00272094
-0.00297856
0.00162712
-0.000732026
0.000830903
0.00102115
-0.000717648
3.12438e-05
0.000930185
-0.000131355
0.00135239
-0.00168659
-0.000156174
0.00109994
-0.000157413
-0.000680702
-0.000320567
-0.000275271
0.00155968
0.0016493
-0.000712198
-0.00384474
0.00156437
0.00156206
0.0127286
0.0131744
0.0150786
0.0145883
-2.73193e-05
-0.00582242
0.0436416
0.0130276
-0.005703
0.00467222
0.00467052
0.0113026
0.00172792
-4.35306e-05
0.00665543
-0.000313653
-0.000165994
0.0018081
0.00921869
-0.000145204
6.44801e-05
0.0125052
0.00747358
-0.000222046
0.00564468
0.000779831
-0.000775087
0.0100077
0.000542675
-0.00077956
0.00115469
-0.000201878
0.0103361
0.00200352
-0.000326116
0.00086141
-0.00171167
-0.00107457
0.000764479
-0.00301407
-0.000347851
-0.000694419
0.0173214
-0.00286749
-0.000394778
0.0086872
0.00555543
0.0193893
0.00482723
-0.000714113
0.00963266
-0.000823939
-0.000878688
0.00237148
0.0171706
0.000383745
-0.000805075
0.0157299
0.00806002
-0.00076082
0.0066267
0.00125977
-0.000570998
0.00933357
0.00071743
-0.000545668
0.00338135
-0.00105634
0.0146269
0.0025802
-0.00126173
0.000636474
-0.000324903
-0.00121994
0.000578453
-0.0029195
-0.000263733
-0.000714458
0.0167362
-0.00274566
-0.000417394
0.00231838
0.0320721
0.00204688
-0.000902872
0.00886197
-0.000980084
-0.00113036
0.0132648
0.00816935
-0.000270698
0.00468067
-0.000478531
-0.000482505
0.0203548
-0.00551773
0.0157483
-0.00181829
-0.00510328
-0.00276111
0.000862347
-0.00268184
-0.0026806
-0.000292129
0.00119488
-0.000786301
-0.00106629
-0.000340089
0.000891646
0.00424613
-9.84763e-05
0.000538021
0.00340247
-0.000360635
0.0004308
0.00173137
-0.00422722
0.0215453
0.00931716
-0.004035
0.00100392
-0.00050399
-0.00286326
0.000760003
-0.00233682
-0.00269677
-0.000873081
0.0274423
-0.00221292
-0.00264135
0.00529426
-0.000449233
0.00586582
6.47509e-06
-0.00060542
-0.000375777
0.000643075
-0.000933972
-0.000573297
-0.000606426
0.000538763
-0.00094181
0.0023823
-0.00069735
0.000385808
-0.000490039
0.000708086
-0.00165358
-0.000682604
-0.00119489
0.000161035
-0.000600877
0.00751607
-0.00136296
-0.000115037
0.000889235
0.00140874
-0.000631334
-0.00334155
0.000850251
0.00119508
-0.00372715
-0.000476833
-0.000693808
-0.00346526
