0.00077509
-0.00275074
-0.00152574
-0.00187646
0.00021964
0.00157361
0.00025118
7.93183e-05
-0.00185632
0.00125782
-0.00386938
-0.00187352
-0.00279819
-0.003058
-0.00298943
-0.00172063
-0.00144088
0.0025426
0.00531951
0.00248231
-0.000108466
-0.000453542
0.000251595
-0.000143621
-2.95506e-05
-0.000466151
6.25081e-05
-2.35433e-05
0.00265807
0.000867566
3.98623e-05
0.00371407
-5.30534e-05
0.0153626
0.01519
-0.00203614
-0.00236221
0.000541322
-0.00207977
-0.0013483
-0.0021853
-0.00221421
-0.00189161
0.0182723
-0.00206346
-0.0014692
0.0112391
-0.00117269
0.0144545
-0.00138021
-0.00154755
0.000131124
-0.00133196
-0.000746363
-0.00105964
-0.00128257
-0.0012149
0.012564
-0.00105712
-0.000878169
0.0158333
-0.000731744
-0.00152379
-0.00175259
0.000273417
-0.00144512
-0.000897216
-0.00131038
-0.0014757
-0.00146468
0.0117594
-0.00134402
-0.000916889
0.0130312
-0.0010853
-0.00156258
-0.00126273
0.000397469
-0.000217316
0.000152681
-0.000389409
-0.00075522
-0.00143482
-0.00165902
0.000112829
-0.00125691
-0.000749035
-0.00274538
0.000805605
0.000137129
-0.00105874
0.00036745
-0.000273799
-0.00226694
0.000941674
0.000820234
-0.00152364
-0.000430105
-8.16112e-05
-0.000279577
-0.000959066
-0.000230362
-0.00058603
0.0011824
-0.000189165
1.51093e-05
0.000687949
-0.000531143
-0.00282241
-0.000945134
-0.00142903
0.000215219
-0.00197519
0.000941099
-0.00191464
-0.00124054
-0.00137595
-0.000378409
-0.00388264
-0.00165811
-0.00107439
-8.07635e-05
-0.0028913
-0.000707665
-0.00400826
-0.000326776
0.000429578
-0.00227552
0.00117737
0.000387833
-0.00129492
-0.0008851
-0.00167615
-0.00220433
-0.00195717
-0.00404162
-0.00138641
-0.00438185
-0.00165915
-0.000553832
-0.000835416
-0.00118015
-0.00298575
-0.00222855
-0.00110137
0.0108005
-0.00107594
-0.000190525
-0.00119022
-0.000522532
-0.000801602
-0.00199476
-0.000832625
0.000733671
-0.00232146
0.000332994
0.000353814
0.000629122
0.000276644
-6.09716e-06
-0.00194455
2.08046e-05
-0.00375424
-0.00180811
0.000289974
-0.0028865
-0.00283239
-0.000720823
-0.00191193
-0.00272226
-0.00242369
0.000540171
0.0016118
0.000703592
0.000197411
-0.00173152
0.00118746
-0.00366675
-0.00172263
-0.00261696
-0.00286579
-0.00282734
-0.00126678
-0.00138864
-0.00325072
0.000542671
0.00166887
0.000887528
0.000165546
-0.00169209
0.00104029
-0.00345456
-0.00162674
-0.00169704
-0.00270116
-0.00266461
-0.00421772
-0.00132597
0.000434787
0.00158931
0.00069646
3.00933e-05
-0.00161152
0.000915666
-0.00341304
-0.00156912
-0.00132521
-0.00263775
-0.00247664
-0.00258564
-0.00116995
-0.00129401
-0.00136687
0.000133339
0.00156397
-6.01641e-05
0.00293535
0.00250077
7.43637e-05
0.00436554
0.00113478
0.000261541
0.00219618
-0.00329451
-0.000122548
-0.000679669
-0.000805022
-0.0013642
-0.000543204
0.00118199
-0.00145564
-0.00162839
0.00111057
-0.000495666
-4.47306e-05
-0.000286203
-0.000293444
-0.00116562
-0.000119816
0.000214899
-0.00110304
-0.00105643
0.000309245
-0.000140189
0.00796341
0.000759686
0.00744358
0.00170611
0.000116247
0.000259081
0.0081184
-2.44758e-05
0.00513265
0.00156592
0.0219779
0.0107963
-0.0012665
0.00581515
0.0182946
-0.00125104
0.017286
0.0025628
0.000561099
0.000821751
0.000293156
0.00102079
0.000715147
0.00165999
0.0141998
-0.00264213
0.0175599
0.0275007
-0.00259535
0.0212365
-0.00126531
0.00764646
0.00936052
-0.00122537
0.0137749
-0.00224086
-0.0019381
-0.00126904
-0.00100441
0.00790305
-0.00223241
0.00654287
-0.00188533
0.0135287
-0.000948478
0.00664707
0.00279119
-1.23314e-05
-0.00047859
3.4125e-05
-0.000111152
-3.60724e-05
-0.000447398
6.35472e-05
1.05844e-05
0.00258327
0.00079817
5.17987e-05
0.00331947
-2.79048e-05
0.00795727
-0.00183549
-0.00195651
-0.000264067
-0.00166544
-0.000698072
-0.00248859
-0.00170636
-0.0015287
0.00518108
-0.00182283
-0.0012479
0.0130732
-0.000199252
-0.000131102
-0.000613867
-2.9818e-05
-0.000235354
-0.000109054
-0.000562936
-8.11348e-05
-6.33227e-05
0.00214859
0.00046878
-7.66919e-05
0.00508824
-0.000318988
-0.000849128
-0.00124884
0.000355945
-0.000176973
-4.03594e-06
-0.000317492
-0.000661825
-0.000206931
-0.00144695
0.00015811
-0.000732162
-0.000538242
0.00072283
0.00022191
0.000127471
0.000187632
0.000102717
-0.00023579
-0.000452121
0.000125929
0.000267973
-0.000923655
0.000324358
-2.87715e-05
8.18962e-05
8.88226e-05
-1.99598e-05
-0.000394026
0.000186058
-0.000154875
1.1415e-05
0.000240882
0.0003995
-0.00158829
-0.000400317
-0.000908387
0.000207706
-0.000187293
0.000669883
-0.0014603
-0.000687269
-0.000611015
-0.000110153
-0.00197765
-0.00108355
-3.35761e-05
-0.000392867
-0.001981
-0.000240143
-0.000325053
-0.00025297
2.6255e-05
-0.000473062
-1.78464e-05
-4.30959e-05
-0.00117878
0.000132529
-0.00123008
-8.62942e-05
-0.00205882
-0.00281454
-0.000700881
-0.00157706
-0.000133574
-0.000541729
-0.000657839
-0.000638365
-0.00155899
0.000409157
-9.40788e-05
0.00314415
-1.91725e-06
-0.000214238
-0.000400247
-0.00106649
-0.000464531
-0.00125627
-0.000234064
0.0189556
-0.00216732
-0.002382
-0.000387124
-0.0020833
-0.00125227
-0.00222505
-0.0021918
-0.00188713
0.014622
-0.00214339
-0.00144881
0.0168445
-0.00111165
-0.00193237
-0.00215167
-0.000183467
-0.00183654
-0.00117278
-0.00188243
-0.00192908
-0.00182101
0.0125592
-0.0018707
-0.00120218
0.0128958
-0.00133158
-0.00194859
-0.00274127
0.000655269
-0.000128048
0.000461589
-0.000166595
-0.000802182
-0.00179105
-0.00134489
0.000288402
-0.00108167
-0.000824537
-0.00373839
0.000957815
0.000178867
-0.000921913
0.000439936
-0.000273703
-0.00218579
0.000968516
0.0009084
-0.00120944
-0.000464819
0.000143355
-0.000241018
-0.000534059
9.0142e-05
-0.000664005
0.000393458
0.000200121
0.000232023
0.000192254
-0.000594876
-0.0030057
-0.000778281
-0.00134486
0.000353875
-0.00194711
0.0010184
-0.0019808
-0.00109367
-0.00137877
-0.00029751
-0.00381478
-0.0016566
-0.00109377
-2.11259e-05
-0.00292752
-0.00060263
-0.0039896
-0.000260135
0.000519636
-0.00210748
0.00108673
0.000432691
-0.000849941
-0.000844697
-0.00157323
-0.00209166
-0.0018074
-0.00397396
-0.00103038
-0.00429506
-0.00168499
-0.00043122
-0.000767844
-0.000986781
-0.00305221
-0.0020748
-0.0011379
0.00958436
-0.000987158
-0.000125509
-0.00078298
-0.000507725
-0.00068997
-0.00196304
-0.000625228
-0.00254216
-0.00283838
-0.000606691
-0.00230766
-0.0013864
-0.0027624
-0.00265168
-0.00235818
0.0120441
-0.00266057
-0.00146992
0.0241799
-0.00177759
-0.00203068
-0.00295217
0.000627817
-0.0001791
0.000411991
-0.000174798
-0.000776332
-0.00132567
-0.00123145
0.000258522
-0.00304784
-0.000814621
-0.00432461
0.000991173
0.00012685
-0.000827191
0.00044491
-0.000292125
-0.00150753
0.00095667
0.000907414
-0.00345369
-0.000484635
0.000247869
-0.000196069
-0.000349405
0.000206392
-0.000617262
7.23292e-05
0.000328061
0.00030853
-0.000340726
-0.000589774
-0.00268462
-0.000773827
-0.0012561
0.000294396
-0.00133313
0.000873819
-0.00181478
-0.00260781
-0.00126356
-0.000400478
-0.00340779
-0.00148003
-0.000641699
-0.000156749
-0.00256836
-0.00138242
-0.00338073
-0.000353726
0.000394741
-0.00123141
0.000870501
0.000322893
-0.0037871
-0.000818798
-0.00146173
-0.00136326
-0.00175266
-0.00357861
-0.00327383
-0.00380868
-0.00116564
-0.000464067
-0.000721733
-0.00249385
-0.0027076
-0.00128467
-0.000750316
0.0132467
-0.000666902
-0.000198739
-0.00357281
-0.000522486
-0.00168819
-0.00177113
-0.00175172
-0.0020231
-0.00285612
0.000561533
-0.000167839
0.000440556
-0.000126494
-0.000767809
-0.0010869
-0.00119917
0.00017
-0.00199907
-0.000768171
-0.00447077
0.000969175
0.000180802
-0.000735192
0.000583451
-0.000169586
-0.00117122
0.00100698
0.000834313
-0.00229089
-0.000351691
0.000186597
-0.000242556
-0.000403047
0.000181397
-0.000712454
0.000204318
0.000257052
0.000221298
-2.75561e-05
-0.000721019
-0.00261633
-0.000806632
-0.00131626
0.000353657
-0.00106008
0.000766983
-0.0016756
-0.00169993
-0.00130634
-0.000329511
-0.00373469
-0.00174224
-0.000567256
-0.000104971
-0.00254877
-0.00101073
-0.00441938
-0.000224321
0.000628456
-0.000808642
0.0008732
0.000219157
-0.00222102
-0.000576033
-0.00146664
-0.00105145
-0.00167682
-0.00376665
-0.00214241
-0.0043213
-0.0010489
-0.000320434
-0.000790365
-0.00188748
-0.00352097
-0.000941799
-0.000516805
0.00968417
-0.000753798
-0.00029281
-0.00211609
-0.000292518
-0.000970765
-0.00192722
-0.001491
0.0287031
-0.000905567
0.00173046
0.00336347
0.0016711
0.00508267
-0.00125253
0.00163816
-0.000921272
-0.00134506
0.00523628
-0.00058813
0.00287367
0.00288118
0.00176524
0.00720907
-0.000756524
0.00290334
-0.000545681
-0.00160239
0.00711036
0.000708944
1.47727e-05
0.000635998
7.35926e-05
0.000281258
-0.000395418
0.000187172
0.000301056
0.000959671
0.000678679
0.00403733
0.00388382
-0.00014864
0.00153432
0.00173663
-0.000181657
0.00653734
0.000883143
0.000698422
1.18824e-05
0.0003453
5.20329e-05
0.000225986
0.00162123
0.00400653
-0.00029494
0.00473317
0.00237138
-0.000202477
0.00661211
-0.000469092
0.00355527
0.00136774
-0.000562736
0.00857173
-0.00115147
1.27977e-05
-0.000920155
-0.000457938
0.000992107
-0.00107725
0.00331156
6.45651e-05
0.0021666
-0.000579083
-0.00158339
0.00277505
0.00723486
0.00117618
0.00716951
-0.0025865
-0.000104105
-0.00214827
-0.00252596
0.00763828
-0.000896982
-3.48734e-05
-0.000465496
-0.000225727
0.000732047
8.32012e-05
-0.0012167
0.000518933
-0.000196948
0.000986433
0.00109738
0.00192547
4.91956e-05
1.22858e-05
-0.00108186
2.14055e-05
0.00359589
0.00132441
0.00107741
-0.000744931
-0.00019195
-0.000571733
-0.000707885
0.00274549
0.00145144
0.000288977
-0.000146996
-0.00133521
0.000272888
0.00298658
-0.000218994
0.000224161
-0.000306211
-0.000212082
0.0053059
0.000731927
0.000462786
-0.00112271
-0.000356332
-0.00023697
0.000707911
0.000271694
0.000478521
-0.000453142
-0.000333679
0.000760542
0.000274788
7.02685e-05
2.86818e-05
-3.40223e-05
3.42147e-05
-0.00024581
2.61693e-05
0.000748259
0.000870217
0.0014224
0.00283752
-0.000113838
0.000165324
0.000268393
-0.000129386
0.0051699
0.000576154
0.000875416
-0.000685483
3.14993e-05
-9.85226e-05
-0.00051642
0.00190386
0.00153746
-0.000119203
-0.000121733
-0.000545448
-5.53448e-05
0.00269348
-0.000359357
0.000566112
0.000272352
-0.000422042
0.00642415
-7.50404e-05
3.35239e-05
0.000472413
-0.000297223
-0.000101495
4.15263e-06
0.000515036
6.37995e-05
0.000524966
-0.000418101
0.00599682
0.0205033
0.00505133
-0.00194064
0.000617217
0.0222552
-0.00136993
0.0232465
0.00416944
0.000394847
-0.000669405
-0.000169311
0.00285732
-0.000728769
0.00445141
0.00365442
-0.00093583
0.00126511
0.0170251
-0.00089473
0.0154132
0.000192193
0.000187089
0.00304733
0.000111765
0.00484971
0.000705814
-0.00123781
-0.000978139
-0.00093464
0.000744001
0.000510172
0.000848587
-0.000928052
0.0125007
-0.000813129
0.00584294
0.00188634
-0.00043219
0.000385838
0.00293635
-0.000397273
0.00743469
0.0165602
-0.00244729
0.00748538
0.0320474
-0.00244246
0.0423508
-0.000977966
0.00347767
0.0108463
-0.00106047
0.0269334
-0.000194305
-0.00145238
-0.0004171
-0.00217352
0.0038033
-0.000214626
0.00564629
-0.0014474
0.026971
-0.00242157
0.00196751
-0.000323857
0.00129172
0.0034864
-0.000308133
0.00760421
0.000248426
0.000209899
0.000665785
0.000260004
0.00352472
0.000782836
3.93017e-05
-0.000885053
-0.000762249
0.000195618
0.000718375
0.000753221
8.72966e-05
0.00270302
-0.000610106
-0.00110586
0.00628702
0.011689
-0.00111976
0.0236984
-0.00144663
-0.00246196
-0.00101782
-0.0027968
0.0082868
-0.00144425
0.00989932
-0.00247828
0.0272138
-0.00288753
-0.000442951
-0.000532218
-0.00086229
-0.00177985
0.00253368
-0.000415834
0.00597329
-0.000547388
0.011876
-0.00206848
-0.000342216
-0.000891712
-0.000449171
-0.000428343
-0.00112896
-0.000565116
-0.000300591
0.00379218
-0.000376987
-0.00120827
