-0.19822
0.00677333
0.193688
0.0844991
0.132212
-0.0430877
-0.117221
0.0758417
-0.0756226
-0.0290924
-0.344185
-0.128598
-0.0620378
0.2328
-0.331314
-0.0508982
0.139013
-0.0176426
-0.27741
-0.189473
-0.157603
-0.121539
-0.0238845
-0.123868
-0.0920261
-0.0399283
0.0977774
-0.032961
0.251089
0.17534
-0.135785
0.26268
0.229194
-0.113541
0.0142617
-0.00951075
0.241993
-0.000516475
-0.101569
0.0142773
0.0506876
-0.0788565
0.00814259
0.0126499
-0.0346257
-0.103184
0.0223665
-0.28088
-0.0675629
0.0943049
0.106549
0.189877
0.172232
-0.121529
-0.119481
0.0106666
-0.113084
-0.0388271
-0.330202
-0.144602
-0.0884007
0.216143
-0.298925
-0.0642898
0.061893
0.00196678
0.22101
-0.0996879
-0.143971
-0.0365746
-0.0993665
-0.0111642
-0.254793
-0.0955946
-0.0497088
0.12395
-0.18462
-0.046222
0.33105
-0.00319675
-0.116463
-0.195417
-0.000551294
-0.0826465
-0.0193185
-0.302099
-0.175464
-0.13931
0.0919546
-0.208214
-0.0109792
0.207653
-0.0939145
0.18254
0.349831
-0.042513
0.0106172
-0.00596862
0.0411071
0.106244
-0.00496202
0.215703
-0.0131844
-0.0664687
0.100658
0.460296
-0.116946
0.00658678
0.157361
0.0298205
0.058695
-0.143165
-0.0668498
-0.123228
-0.106924
0.0766851
0.00178769
0.0487697
0.0371429
-0.0493127
0.0893943
0.0583096
-0.0405597
-0.0264548
0.0488399
0.0873568
0.337314
0.147269
0.0798893
-0.106148
-0.103098
-0.0989576
0.213943
-0.0203809
0.0906267
0.0247955
0.219793
0.113489
0.0117691
-0.0248545
0.237427
0.0148541
0.41408
0.0918105
-0.0334181
-0.32945
-0.0245267
-0.0432897
-0.234343
0.111615
0.0620587
-0.0970454
0.197416
0.321028
-0.0907441
0.340468
-0.0381768
0.0461427
0.028311
-0.0363442
0.371477
-0.221994
0.0286302
0.103805
0.00316235
-0.0278603
-0.234476
0.0271071
0.0113694
0.0776417
-0.033383
