-0.172123
0.0151138
0.17752
0.0736548
0.121241
-0.0276136
-0.104103
0.0618591
-0.0699026
-0.0245651
-0.276248
-0.0885229
-0.0442498
0.221736
-0.224304
-0.0488601
0.129445
-0.000827967
-0.0499329
0.0983731
-0.204637
-0.159733
0.00239629
-0.00856548
-0.357877
-0.153116
-0.219649
-0.358208
-0.211295
-0.161009
-0.136721
-0.098526
-0.0328596
-0.081686
-0.0638944
-0.0341105
0.0959604
-0.0194949
0.212605
0.159675
-0.109649
0.176467
0.22366
-0.0873277
0.0176016
-0.0245169
-0.110138
-0.00103146
-0.131791
-0.0360337
-0.231308
-0.322208
0.0236161
0.247659
-0.332847
-0.00774377
0.223779
0.00362321
-0.0714597
-0.0957057
0.00265599
-0.0794801
-0.00739191
-0.0207641
-0.0390333
-0.0960817
0.0301393
-0.192807
-0.0479656
0.0641387
0.0347235
0.0365488
0.114032
-0.0661544
0.45512
-0.05104
0.336326
-0.333274
0.0138129
-0.118278
-0.300021
0.17667
0.160438
-0.0976449
-0.0986297
0.00147136
-0.100927
-0.0320178
-0.257461
-0.100742
-0.0633367
0.206667
-0.19758
-0.0591075
0.0542514
0.02105
-0.0778312
0.0599598
-0.194113
-0.164246
0.000937692
0.0620788
-0.342004
-0.137056
-0.192015
-0.338112
0.207911
-0.0794765
-0.109214
-0.0379943
-0.0940483
-0.010794
-0.209765
-0.0720684
-0.0387506
0.116054
-0.121064
-0.0455641
0.318125
-0.00124516
-0.00250189
0.00878555
-0.158048
-0.0634611
-0.0697717
0.0996235
-0.323202
-0.0725489
-0.144265
-0.311047
-0.0868346
-0.133884
0.00435882
-0.0715313
-0.0132645
-0.228005
-0.124266
-0.102124
0.0871302
-0.121752
-0.00757253
0.198929
-0.0590079
-0.121529
-0.0106335
-0.193795
-0.138158
-0.05664
0.0623447
-0.321999
-0.15479
-0.207289
-0.319972
0.0213696
0.294636
-0.0356921
-0.00551868
-0.0335264
0.00271942
0.0662862
0.00571232
0.142199
-0.00689328
-0.0386947
0.0671142
0.0588208
0.0316342
0.316381
-0.0685258
0.202194
-0.112057
-0.265569
0.0373308
-0.0211157
-0.22453
0.279735
-0.11007
-0.0339548
0.0688908
-0.0227454
-5.57861e-05
-0.111874
-0.102459
-0.0907345
-0.0943542
-0.0337691
0.055525
0.396082
0.214621
0.233863
0.46512
0.0162519
-0.164841
0.122631
-0.0247457
-0.113107
0.000309849
0.033875
-0.00526967
-0.0504335
0.0634437
0.051958
-0.0230791
-0.0188457
0.0359086
0.0389404
0.0541915
0.303248
0.0935027
0.0201073
0.15554
0.0407301
-0.165513
-0.00654922
-0.0926261
-0.201075
0.32414
0.150284
0.064867
-0.106695
-0.0895643
-0.0674878
0.207855
-0.0148831
0.0741339
0.0144133
0.0134581
-0.0383092
0.011257
-0.0170339
-0.0319121
-0.278246
0.0746023
-0.0876301
-0.304003
0.00408398
0.166295
0.0729327
0.013137
-0.0270284
0.230004
0.0186277
0.362164
0.100082
0.0247058
-0.0165507
0.0371793
0.00443562
-0.0497508
-0.20702
0.177549
-0.0796501
-0.25514
0.0502577
-0.0530685
-0.250429
-0.0212282
-0.0324942
-0.186246
0.0642559
0.0348074
0.100857
0.0434579
0.139377
0.0956146
-0.0302601
-0.164186
0.14179
-0.0285512
-0.0283893
-0.0219689
-0.0650413
0.0843473
0.313012
-0.054037
0.249068
0.112534
-0.0626678
0.000298823
0.0341885
-0.0247947
-0.116227
-0.222375
0.438548
0.136488
-0.241603
-0.0276672
-0.00788692
0.0279522
-0.0142793
0.233519
0.378588
0.0166476
0.0351587
0.00234208
0.0302621
-0.157792
-0.219684
0.072009
0.107611
-0.17947
-0.135441
0.0286885
0.0996634
0.00448426
0.0274
0.035802
-0.0754365
-0.14334
-0.0316247
0.0265329
-0.279089
-0.0943983
-0.210955
-0.283218
-0.0166621
-0.143449
0.0111418
-0.0208594
-0.147209
0.286857
-0.0827393
-0.018947
-0.121808
-0.232478
0.0809913
0.473437
-0.151731
0.0148987
0.0766314
-0.00235728
-0.00072598
-0.0264431
-0.0739308
-0.0615474
-0.0669207
-0.245388
0.033371
-0.0383339
-0.271025
-0.0202237
-0.0594713
0.0877378
-0.206217
0.0259581
-0.0473389
0.096526
-0.261046
-0.123433
-0.13771
-0.251557
0.489595
0.0750413
-0.0498678
0.158373
0.00341418
0.00451305
-0.152042
0.146326
-0.018388
-0.188355
0.0687424
0.0522753
0.0886116
0.105712
0.0414374
-0.133574
0.208818
-0.0194148
-0.162179
-0.1085
-0.0311423
0.461896
0.39034
-0.140128
0.0489087
-0.145812
-0.0623232
-0.0751035
0.443087
-0.0407918
-0.144535
0.170227
0.287086
-0.0709796
0.0468064
0.102371
-0.194621
0.129888
0.0265788
-0.137512
0.0786615
-0.124575
0.121139
-0.0503834
-0.0623511
-0.221961
0.0144045
-0.106178
-0.14866
-0.0789206
-0.118487
0.156858
0.402449
-0.133576
-0.0814004
