0.709162
0.729678
0.758359
0.748711
0.756405
0.733411
0.730672
0.74271
0.735749
0.737598
0.728526
0.733498
0.73786
0.779049
0.734667
0.742919
0.770728
0.744158
0.744629
0.757417
0.742343
0.747176
0.754643
0.765459
0.746949
0.752235
0.750857
0.749287
0.715076
0.717448
0.719524
0.726974
0.746967
0.738366
0.739587
0.753352
0.768739
0.750421
0.789307
0.771932
0.74435
0.786708
0.7854
0.746112
0.770867
0.768024
0.748537
0.771112
0.755532
0.761918
0.755498
0.754259
0.792029
0.806561
0.756527
0.736709
0.762127
0.744489
0.738942
0.745728
0.748903
0.744245
0.748292
0.748851
0.745693
0.744751
0.759702
0.743198
0.74995
0.768896
0.759248
0.76108
0.772996
0.754433
0.809126
0.765895
0.806439
0.754468
0.768826
0.761307
0.757504
0.765791
0.768146
0.737685
0.737633
0.745728
0.742221
0.744803
0.737023
0.741157
0.744646
0.784545
0.743443
0.750229
0.773746
0.75227
0.751485
0.762319
0.750456
0.755079
0.761464
0.776781
0.755585
0.760696
0.759667
0.757992
0.776537
0.739168
0.737965
0.744978
0.744158
0.747717
0.739622
0.743966
0.747106
0.777479
0.746496
0.752479
0.801642
0.754276
0.755829
0.762336
0.752357
0.763331
0.760609
0.784929
0.757103
0.763889
0.762232
0.75965
0.744803
0.742692
0.751415
0.75077
0.752514
0.745082
0.748135
0.750229
0.779416
0.752619
0.75951
0.792378
0.756457
0.756893
0.764901
0.757783
0.763278
0.766035
0.783236
0.76354
0.767884
0.767343
0.765913
0.786691
0.800508
0.762912
0.769402
0.768111
0.773153
0.778805
0.766715
0.787999
0.771338
0.765477
0.783219
0.788575
0.792012
0.82153
0.777689
0.817465
0.780026
0.772263
0.800717
0.795291
0.775508
0.815319
0.759999
0.766907
0.779643
0.768564
0.774077
0.762406
0.769384
0.765389
0.764377
0.780096
0.79079
0.841401
0.816628
0.799025
0.861341
0.795187
0.773606
0.804712
0.787807
0.777654
0.76443
0.770222
0.771269
0.766576
0.776485
0.772141
0.770536
0.769227
0.772472
0.781945
0.788662
0.825525
0.802601
0.786289
0.828089
0.794524
0.774199
0.795396
0.784213
0.776363
0.806561
0.781753
0.787388
0.770187
0.767692
0.772333
0.799042
0.771687
0.792291
0.786446
0.777078
0.779311
0.784213
0.783795
0.784109
0.776799
0.802252
0.788557
0.778823
0.77631
0.810103
0.790947
0.771705
0.779102
0.809196
0.773362
0.829485
0.809893
0.781858
0.786115
0.789622
0.79025
0.784632
0.777218
0.822594
0.796687
0.778962
0.781003
0.772455
0.762947
0.77659
0.776642
0.765756
0.786883
0.787947
0.789569
0.790895
0.795448
0.799915
0.787144
0.780602
0.806893
0.793407
0.787127
0.790476
0.768233
0.797995
0.817762
0.769681
0.822489
0.811795
0.777898
0.796251
0.790232
0.791418
0.782451
0.778456
0.852165
0.821722
0.780585
0.771408
0.785121
0.786289
0.772437
0.81729
0.829346
0.784841
0.795274
0.787825
0.79721
0.783044
0.779294
0.815005
0.807137
0.782329
0.770518
0.778421
0.795867
0.777915
0.780305
0.784824
0.778753
0.780934
0.786202
0.797228
0.782172
0.787842
0.785871
0.784475
0.786167
0.771687
0.789081
0.790389
0.776973
0.823763
0.784353
0.795832
0.785679
0.784301
0.821408
0.855479
0.788383
0.779311
0.80302
0.795989
0.781213
0.788261
0.786534
0.788557
0.788662
0.78369
0.814098
0.803299
0.785714
0.778212
0.779067
0.789203
0.777793
0.788906
0.787127
0.805235
0.78383
0.788976
0.788121
0.786342
0.854136
0.795187
0.79721
0.805602
0.803613
0.794681
0.784824
0.835992
0.808271
0.786778
0.801868
0.806265
0.80548
0.814482
0.798815
0.787877
0.83758
0.810382
0.789936
0.806701
0.802182
0.860905
0.832608
0.787685
0.809405
0.793966
0.791802
0.79639
0.850751
0.798414
0.791907
0.832957
0.837615
0.796129
0.81019
0.814761
0.793006
0.816994
0.80466
0.796565
0.817238
0.795867
0.827775
0.811847
0.79988
0.797995
0.808236
0.802706
0.801659
0.801799
0.802444
0.8246
0.855532
0.803718
0.805759
