0.709162
0.729678
0.758359
0.748711
0.756405
0.733411
0.730672
0.74271
0.735749
0.737598
0.728526
0.733498
0.73786
0.779049
0.734667
0.742919
0.770728
0.744158
0.715076
0.717448
0.719524
0.726974
0.746967
0.738366
0.739587
0.753352
0.768739
0.750421
0.789307
0.771932
0.74435
0.786708
0.7854
0.746112
0.770867
0.736709
0.762127
0.744489
0.738942
0.745728
0.748903
0.744245
0.748292
0.748851
0.745693
0.744751
0.759702
0.743198
0.74995
0.768896
0.759248
0.765791
0.768146
0.737685
0.737633
0.745728
0.742221
0.744803
0.737023
0.741157
0.744646
0.784545
0.743443
0.750229
0.773746
0.75227
0.776537
0.739168
0.737965
0.744978
0.744158
0.747717
0.739622
0.743966
0.747106
0.777479
0.746496
0.752479
0.801642
0.754276
0.744803
0.742692
0.751415
0.75077
0.752514
0.745082
0.748135
0.750229
0.779416
0.752619
0.75951
0.792378
0.756457
0.786691
0.800508
0.762912
0.769402
0.768111
0.773153
0.778805
0.766715
0.787999
0.771338
0.765477
0.783219
0.815319
0.759999
0.766907
0.779643
0.768564
0.774077
0.762406
0.769384
0.765389
0.764377
0.780096
0.76443
0.770222
0.771269
0.766576
0.776485
0.772141
0.770536
0.769227
0.772472
0.781945
0.806561
0.781753
0.787388
0.770187
0.767692
0.772333
0.799042
0.771687
0.792291
0.77631
0.810103
0.790947
0.771705
0.779102
0.809196
0.773362
0.829485
0.781003
0.772455
0.762947
0.77659
0.776642
0.765756
0.786883
0.790476
0.768233
0.797995
0.817762
0.769681
0.822489
0.771408
0.785121
0.786289
0.772437
0.81729
0.770518
0.778421
0.795867
0.777915
0.786167
0.771687
0.789081
0.779311
0.80302
0.778212
