-0.0145309
0.00539397
0.0329809
0.0220177
0.0243156
-0.00547791
-0.00823167
0.00306677
-0.00701323
-0.00554833
-0.0148271
-0.0109342
-0.00663186
0.0311428
-0.0140966
-0.00597783
0.0214464
-0.00537483
-0.00707685
0.00569612
-0.0126292
-0.00908282
-0.00418822
0.0042038
-0.0152375
-0.0113853
-0.0129557
-0.014851
-0.0149493
-0.0136792
-0.0129293
-0.0109184
0.00222056
-0.0063951
-0.00591889
0.00470195
0.0197017
0.00117507
0.038974
0.0215384
-0.00948521
0.0320089
0.0305664
-0.00910887
0.0153934
0.0103594
-0.00914238
0.0101545
-0.00672088
-0.0029283
-0.0117919
-0.0139693
0.0223555
0.0366942
-0.0136681
0.00498352
0.0290748
0.00599428
-0.006413
0.000358488
0.00278802
-0.00501644
-0.00135673
-0.00100724
-0.0052535
-0.00625522
0.00525113
-0.0121175
-0.00550016
0.0130582
0.00315722
0.00279696
0.0146975
-0.00714543
0.0462497
0.0004244
0.0385228
-0.0143876
-0.0014762
-0.00918918
-0.0133204
0.0316313
0.0285354
-0.00879484
-0.00886211
-0.001514
-0.00817179
-0.00597811
-0.013968
-0.0109236
-0.00749417
0.0289544
-0.013014
-0.00636201
0.0167666
-0.00496304
-0.00794348
0.00287541
-0.0122733
-0.00894949
-0.00516295
0.00770517
-0.0144323
-0.0107694
-0.0119928
-0.0139962
0.0355853
-0.00866588
-0.0098846
-0.00361948
-0.00759634
-0.0044264
-0.0127307
-0.0094789
-0.00639851
0.0205184
-0.011333
-0.00548378
0.0432894
-0.00433022
-0.0049769
0.00151541
-0.0117551
-0.0020834
-0.00740826
0.0144574
-0.0143111
-0.00897602
-0.0108279
-0.013739
-0.00858354
-0.0107095
-0.0027403
-0.00656614
-0.00521345
-0.0128564
-0.0109037
-0.00887046
0.0168345
-0.0108364
-0.00408098
0.0283949
-0.00778212
-0.00956166
-0.00156913
-0.012003
-0.00781891
-0.00768513
0.00704447
-0.0136014
-0.0107194
-0.0114562
-0.0132184
0.0262907
0.0393471
-0.00145841
0.00463588
0.00313192
0.00706321
0.0126548
-0.00294926
0.0174522
0.000654614
-0.00560269
0.011881
0.0150006
0.0184222
0.0445937
-0.00057106
0.0365583
-0.00337522
-0.012097
0.0148814
0.00925802
-0.0108602
0.0541433
-0.00438715
0.00212584
0.0146483
0.00245965
0.00791166
-0.00727376
-0.00117781
-0.00530981
-0.0067172
0.00874281
0.0172007
0.0677957
0.0396759
0.0207495
0.0804188
0.0117695
-0.0107694
0.0188608
0.00175806
-0.00873006
-0.000720548
0.00467551
0.00550906
-0.00029551
0.00955277
0.00169105
-0.000797194
-0.00224268
0.000606297
0.00982047
0.0142985
0.0511462
0.0248723
0.00723562
0.046386
0.0103229
-0.0109608
0.00875864
-0.00262206
-0.0108077
0.0377867
0.0127647
0.0172833
2.06292e-05
-0.00600667
-0.00225306
0.0243188
-0.00343379
0.0169097
0.00881736
-0.000566304
-0.00169759
0.00187423
-0.00120536
-0.00339929
-0.0116725
0.0122975
-0.00159622
-0.0116674
0.00692369
0.0395992
0.0203826
-0.0023945
0.00411508
0.0340713
-0.00216009
0.0537028
0.0318621
0.00381144
0.00470212
0.00687759
0.00484337
-0.00328343
-0.0116618
0.0322305
0.00612463
-0.0119369
0.0102851
0.00167546
-0.0113679
0.00138706
0.00130166
-0.00998242
0.0108842
0.00969864
0.0113058
0.00926465
0.0124865
0.0142896
-0.00099066
-0.00849701
0.0163092
0.00262467
-0.00399251
0.018578
-0.00720587
0.0216676
0.0412958
-0.00718327
0.0453645
0.0324172
-0.00149524
0.0134858
0.00613357
0.00465301
-0.00682771
-0.0117884
0.0604333
0.0297912
-0.0116831
-0.00409233
0.00873101
0.00976192
-0.00448854
0.0401039
0.0499057
0.00538626
0.0124467
0.00366377
0.0103825
-0.00629725
-0.0110138
0.0232109
0.0151436
-0.0100015
-0.0094322
-0.00166785
0.0153776
-0.00283591
-0.0027094
0.00179366
-0.00766511
-0.00682405
-0.00423474
0.00426565
-0.0117601
-0.00758392
-0.00975547
-0.0114899
0.00518378
-0.00969702
0.00743433
0.00647661
-0.0069546
0.0364434
-0.00430776
0.00448917
-0.0081925
-0.0105419
0.0250699
0.058941
-0.00849453
-0.00221206
0.0212346
0.0119374
-0.00285457
0.000801392
-0.00226717
-0.00292633
-0.00535033
-0.0112938
0.0176186
0.00661922
-0.0113053
-0.00397449
-0.00538737
0.00473319
-0.0100702
-0.000299375
-0.00476309
0.0108156
-0.0115622
-0.00791208
-0.00896747
-0.0110863
0.0694187
0.010454
0.00908268
0.0161315
0.0114576
-5.48812e-06
-0.0108346
0.038837
0.0109151
-0.0109176
0.0148606
0.0158521
0.0137206
0.0200297
0.0018252
-0.0100883
0.0381134
0.0107143
-0.0100726
0.0162727
0.0104077
0.0664372
0.035602
-0.0102959
0.0099228
-0.0057179
-0.00822167
0.00119028
0.0528467
-0.00203983
-0.00952637
0.0300158
0.0344717
-0.00735628
0.010926
0.0129433
-0.00979252
0.0126851
0.000148515
-0.00828887
0.0126934
-0.00966189
0.020731
0.00459987
-0.00771164
-0.0101071
-0.00138669
-0.00712075
-0.00851231
-0.00881466
-0.00837317
0.0134377
0.0431889
-0.00897092
-0.00713428
