0.709188
0.729702
0.758387
0.748738
0.756424
0.733427
0.730685
0.742726
0.735769
0.737621
0.72854
0.733522
0.737881
0.779073
0.734688
0.742943
0.770753
0.74418
0.715093
0.717476
0.719549
0.726989
0.746971
0.738368
0.739593
0.753359
0.768748
0.750422
0.789315
0.771939
0.744372
0.786713
0.785409
0.746133
0.770876
0.736735
0.762146
0.744503
0.738949
0.745732
0.748911
0.744255
0.748306
0.748854
0.745707
0.744762
0.759723
0.743209
0.749965
0.768915
0.759261
0.765818
0.768166
0.737703
0.737648
0.745746
0.742243
0.744828
0.737039
0.741183
0.744669
0.784571
0.743466
0.750255
0.773774
0.752294
0.776554
0.739183
0.737977
0.744993
0.744176
0.747739
0.739634
0.743988
0.747125
0.777504
0.746515
0.752502
0.801662
0.754297
0.744808
0.742695
0.751421
0.750779
0.752527
0.745085
0.748148
0.750239
0.779434
0.752629
0.759523
0.792393
0.756469
0.786685
0.800506
0.762911
0.769404
0.768103
0.773155
0.778804
0.766727
0.787997
0.771341
0.765488
0.78322
0.815315
0.759995
0.766907
0.779633
0.768564
0.774074
0.762416
0.76938
0.765389
0.764385
0.780095
0.76443
0.770226
0.771263
0.76658
0.776486
0.772154
0.770536
0.769232
0.772484
0.781948
0.806565
0.781749
0.787393
0.77019
0.767708
0.772335
0.799047
0.771702
0.792295
0.776308
0.810109
0.790952
0.771725
0.779107
0.809203
0.77338
0.82949
0.781001
0.772451
0.762958
0.776585
0.776641
0.765765
0.786881
0.790481
0.768253
0.797999
0.817769
0.7697
0.822494
0.771425
0.785123
0.786296
0.772453
0.817294
0.770535
0.778441
0.79589
0.777934
0.786173
0.771703
0.789085
0.77933
0.803027
0.77823
