0.708678
0.729586
0.757425
0.749299
0.756954
0.731241
0.728391
0.741299
0.73446
0.73769
0.725207
0.732977
0.736149
0.778253
0.733828
0.742057
0.772736
0.744839
0.744609
0.755517
0.741862
0.746253
0.753471
0.76808
0.744713
0.75169
0.750149
0.74754
0.716747
0.718126
0.723333
0.730391
0.747322
0.738563
0.740851
0.754356
0.770966
0.749333
0.789379
0.772552
0.745575
0.787448
0.785517
0.75146
0.77292
0.76954
0.748517
0.77323
0.757368
0.762862
0.759402
0.754287
0.793747
0.808
0.757644
0.735149
0.764701
0.744609
0.737563
0.744207
0.748103
0.743885
0.74946
0.747184
0.746011
0.743575
0.759034
0.743161
0.749759
0.771402
0.761897
0.762149
0.772782
0.75492
0.808414
0.765172
0.808333
0.753218
0.769736
0.761713
0.75731
0.768379
0.768724
0.737264
0.736
0.746287
0.740437
0.74454
0.734586
0.74031
0.743115
0.783402
0.742793
0.749138
0.77708
0.753529
0.752218
0.761356
0.750552
0.754023
0.759586
0.779046
0.753839
0.760655
0.759667
0.757011
0.779149
0.741046
0.738563
0.747264
0.745897
0.750874
0.739333
0.746253
0.747816
0.778402
0.74908
0.754368
0.806264
0.757632
0.758092
0.763966
0.755552
0.765299
0.761966
0.78908
0.758241
0.766345
0.764828
0.761598
0.746379
0.743391
0.753586
0.751805
0.755517
0.745195
0.750828
0.75046
0.780563
0.754713
0.760138
0.797598
0.760161
0.759402
0.765598
0.760609
0.764862
0.767
0.786828
0.764563
0.770483
0.770023
0.767414
0.785333
0.799506
0.761862
0.769966
0.766586
0.772931
0.777759
0.76669
0.788241
0.770448
0.769126
0.784701
0.788287
0.790736
0.821126
0.776644
0.816897
0.782379
0.770851
0.799966
0.795391
0.77492
0.813713
0.758437
0.766816
0.775966
0.767989
0.771989
0.760966
0.767966
0.764563
0.766782
0.780885
0.789575
0.838437
0.81531
0.797517
0.858322
0.796724
0.770598
0.803736
0.787598
0.776276
0.763667
0.771494
0.769609
0.767678
0.77708
0.773299
0.771287
0.769333
0.776011
0.783287
0.789517
0.82431
0.803437
0.786034
0.828494
0.796989
0.772678
0.796161
0.785218
0.776057
0.808632
0.779276
0.788103
0.769207
0.767333
0.772011
0.799598
0.774644
0.793667
0.787
0.775908
0.780299
0.784023
0.782851
0.786678
0.775034
0.80346
0.788862
0.778046
0.775931
0.812621
0.791655
0.773
0.780506
0.809425
0.778839
0.832322
0.812
0.78169
0.787414
0.791966
0.791621
0.788598
0.777713
0.825172
0.798299
0.780149
0.779517
0.770575
0.76054
0.77469
0.774713
0.768149
0.787356
0.786437
0.786747
0.789759
0.793851
0.797115
0.787678
0.777575
0.806345
0.791402
0.784034
0.789931
0.768816
0.798046
0.819287
0.774034
0.82469
0.81292
0.777759
0.796678
0.791
0.791391
0.785747
0.777782
0.853425
0.822851
0.780609
0.77054
0.784046
0.785011
0.774977
0.816828
0.828092
0.783276
0.794218
0.787299
0.796356
0.785724
0.777184
0.814989
0.806138
0.781322
0.770632
0.778517
0.799149
0.780218
0.781
0.783701
0.779218
0.780644
0.785195
0.799644
0.780759
0.788494
0.786517
0.784023
0.786368
0.775736
0.790299
0.790598
0.775897
0.824402
0.784586
0.795598
0.788713
0.783851
0.821563
0.855425
0.78854
0.782425
0.805724
0.797609
0.779782
0.788402
0.787667
0.78831
0.79092
0.782241
0.815563
0.804391
0.785161
0.783621
0.78408
0.791839
0.782575
0.792874
0.790736
0.810264
0.786621
0.793897
0.792471
0.789862
0.855379
0.796655
0.798149
0.807667
0.805069
0.799678
0.785667
0.838069
0.810161
0.788195
0.801023
0.806356
0.806563
0.814264
0.802184
0.787506
0.836529
0.811103
0.790264
0.805034
0.800782
0.857977
0.834816
0.785011
0.808701
0.793621
0.789586
0.797264
0.851126
0.801299
0.790966
0.831529
0.839667
0.796207
0.809747
0.817023
0.792621
0.817851
0.805345
0.796598
0.819092
0.793793
0.826494
0.813138
0.798828
0.799299
0.810621
0.806322
0.804103
0.801161
0.802149
0.823402
0.856437
0.803989
0.806195
