-0.597148
-0.626224
-0.617361
-0.625924
-0.615224
-0.604235
-0.616218
-0.619389
-0.635598
-0.609069
-0.650427
-0.637385
-0.64713
-0.644657
-0.650393
-0.63923
-0.637024
-0.654345
-0.663746
-0.653651
-0.626125
-0.629879
-0.641515
-0.629355
-0.633904
-0.626937
-0.627011
-0.629994
-0.6723
-0.621447
-0.634911
-0.670751
-0.643404
-0.680478
-0.684847
-0.651032
-0.648968
-0.662612
-0.653744
-0.656446
-0.64281
-0.649659
-0.655998
-0.702114
-0.648941
-0.661026
-0.691744
-0.662997
-0.683255
-0.642053
-0.63885
-0.652811
-0.645005
-0.64868
-0.634234
-0.641448
-0.647753
-0.6922
-0.640801
-0.652632
-0.70113
-0.65454
-0.648969
-0.645041
-0.660177
-0.65272
-0.654903
-0.641063
-0.647151
-0.652653
-0.696898
-0.648247
-0.66065
-0.69827
-0.658766
-0.656103
-0.677351
-0.635006
-0.642377
-0.63287
-0.641023
-0.649947
-0.6733
-0.652119
-0.643278
-0.663598
-0.654732
-0.688989
-0.629724
-0.6375
-0.641447
-0.633964
-0.643047
-0.668061
-0.631316
-0.635102
-0.660509
-0.649338
-0.644254
-0.65062
-0.64414
-0.642782
-0.65531
-0.682847
-0.643384
-0.64913
-0.675155
-0.660984
-0.675103
-0.644104
-0.652723
-0.64028
-0.673443
-0.634807
-0.667399
-0.667574
-0.661658
-0.640183
-0.675702
-0.66102
-0.677226
-0.642835
-0.67826
-0.669742
-0.697102
-0.63936
-0.635148
-0.66288
-0.631295
-0.639223
-0.655738
-0.649693
-0.655896
-0.670706
-0.655947
-0.681903
-0.662568
-0.686771
-0.67667
-0.647446
-0.655826
-0.668523
-0.684782
-0.670069
-0.682782
-0.709887
-0.68288
-0.648461
-0.661419
-0.651783
-0.674648
-0.672234
-0.674293
-0.603791
-0.629197
-0.613112
-0.619508
-0.617673
-0.621113
-0.626443
-0.644644
-0.627355
-0.660696
-0.643041
-0.627086
-0.651685
-0.656141
-0.636255
-0.650175
-0.633772
-0.637143
-0.619312
-0.610827
-0.61903
-0.625583
-0.642543
-0.617152
-0.657852
-0.643963
-0.652309
-0.652991
-0.657491
-0.642022
-0.644786
-0.645776
-0.621235
-0.611699
-0.618851
-0.627936
-0.645683
-0.620181
-0.660761
-0.646663
-0.645993
-0.656148
-0.659962
-0.669476
-0.647126
-0.627958
-0.617563
-0.626292
-0.635546
-0.651622
-0.626777
-0.666329
-0.65121
-0.649016
-0.66333
-0.667786
-0.661666
-0.650741
-0.669498
-0.681772
-0.65743
-0.674613
-0.65902
-0.693267
-0.683327
-0.648321
-0.698473
-0.686193
-0.647406
-0.682043
-0.688835
-0.647653
-0.667178
-0.662063
-0.686087
-0.674772
-0.635933
-0.680792
-0.676269
-0.638005
-0.674455
-0.65176
-0.67003
-0.654797
-0.684621
-0.676821
-0.645612
-0.68185
-0.679401
-0.646118
-0.676093
-0.702216
-0.672027
-0.703268
-0.67903
-0.651251
-0.691531
-0.7052
-0.655143
-0.689113
-0.679721
-0.721316
-0.700848
-0.669287
-0.70501
-0.716951
-0.671049
-0.721996
-0.699654
-0.679059
-0.643402
-0.69207
-0.690097
-0.64624
-0.684887
-0.714017
-0.684705
-0.726491
-0.732149
-0.686288
-0.729147
-0.670652
-0.710009
-0.708003
-0.671856
-0.716749
-0.680079
-0.685231
-0.664407
-0.670454
-0.718783
-0.681453
-0.70924
-0.68632
-0.712863
-0.671009
-0.676925
-0.663078
-0.629266
-0.635498
-0.643975
-0.634449
-0.639695
-0.633812
-0.633149
-0.635344
-0.676754
-0.628549
-0.640736
-0.673473
-0.649976
-0.685926
-0.653377
-0.658291
-0.664685
-0.658792
-0.663997
-0.659231
-0.658501
-0.660166
-0.689396
-0.655073
-0.665265
-0.708915
-0.673199
-0.636331
-0.640873
-0.649834
-0.642759
-0.647267
-0.641728
-0.640136
-0.641059
-0.673756
-0.637552
-0.649679
-0.688662
-0.654795
-0.667944
-0.682253
-0.641669
-0.650921
-0.65
-0.650863
-0.655178
-0.654363
-0.658694
-0.648585
-0.660634
-0.666988
-0.698863
-0.645261
-0.654433
-0.665618
-0.652478
-0.65667
-0.656914
-0.647202
-0.649385
-0.665887
-0.669456
-0.651408
-0.659425
-0.660673
-0.653013
-0.660999
-0.666732
-0.650585
-0.655047
-0.673786
-0.673096
-0.68532
-0.663269
-0.664822
-0.648127
-0.656423
-0.64435
-0.675096
-0.667182
-0.67606
-0.661517
-0.688516
-0.670368
-0.662912
-0.654411
-0.687518
-0.671387
-0.710805
-0.662254
-0.653799
-0.656231
-0.652247
-0.658093
-0.666193
-0.67427
-0.66668
-0.656563
-0.668774
-0.692227
-0.665274
-0.702634
-0.658457
-0.655372
-0.662274
-0.666698
-0.697292
-0.652021
-0.665095
-0.69316
-0.672216
-0.656531
-0.660717
-0.667518
-0.673125
-0.685459
-0.679619
-0.697445
-0.654821
-0.653961
-0.664285
-0.659677
-0.663767
-0.65102
-0.6573
-0.662645
-0.703523
-0.657821
-0.66793
-0.711589
-0.670352
-0.656677
-0.655044
-0.666902
-0.662348
-0.665062
-0.65257
-0.657838
-0.662506
-0.704718
-0.659994
-0.670948
-0.704991
-0.66969
-0.659893
-0.678903
-0.637467
-0.645698
-0.637085
-0.644622
-0.653104
-0.675491
-0.656675
-0.646547
-0.663066
-0.659047
-0.692531
-0.634623
-0.643205
-0.648293
-0.640036
-0.648477
-0.67215
-0.638374
-0.640783
-0.662205
-0.655963
-0.645651
-0.652889
-0.647157
-0.645115
-0.657366
-0.684401
-0.646596
-0.651221
-0.674232
-0.664159
-0.680912
-0.650478
-0.658482
-0.645069
-0.677154
-0.641377
-0.673058
-0.669012
-0.667892
-0.647236
-0.682317
-0.666767
-0.681663
-0.650126
-0.684622
-0.671879
-0.704283
-0.646856
-0.641779
-0.668191
-0.639856
-0.646361
-0.65861
-0.657623
-0.661924
-0.675366
-0.663705
-0.688625
-0.664805
-0.694215
-0.680725
-0.654346
-0.661501
-0.670173
-0.691561
-0.675644
-0.68732
-0.711962
-0.687989
-0.655857
-0.664548
-0.659959
-0.676839
-0.679215
-0.677079
-0.66471
-0.662156
-0.672833
-0.67067
-0.673976
-0.661869
-0.667173
-0.671357
-0.705377
-0.669643
-0.679393
-0.7241
-0.678101
-0.660419
-0.678634
-0.639296
-0.648413
-0.639521
-0.647207
-0.655358
-0.668966
-0.659367
-0.648656
-0.689491
-0.660921
-0.691656
-0.635377
-0.644908
-0.649592
-0.641589
-0.649757
-0.664388
-0.640144
-0.641836
-0.687889
-0.656844
-0.645391
-0.65355
-0.647403
-0.645602
-0.657632
-0.676691
-0.647272
-0.651245
-0.69728
-0.664058
-0.683712
-0.653279
-0.661392
-0.647793
-0.670838
-0.644706
-0.675413
-0.695511
-0.670073
-0.650994
-0.685802
-0.670147
-0.676374
-0.654321
-0.687664
-0.698521
-0.706893
-0.65052
-0.645154
-0.662182
-0.643848
-0.649542
-0.687127
-0.660471
-0.665275
-0.669687
-0.667646
-0.691551
-0.692853
-0.696842
-0.674951
-0.658046
-0.664419
-0.697181
-0.694013
-0.670071
-0.681453
-0.725497
-0.681965
-0.659415
-0.693489
-0.663248
-0.703293
-0.681608
-0.703462
-0.664805
-0.684506
-0.645224
-0.652718
-0.64438
-0.650944
-0.658257
-0.670495
-0.664892
-0.654986
-0.680414
-0.662955
-0.697072
-0.640446
-0.648357
-0.653664
-0.644408
-0.651714
-0.66499
-0.64473
-0.64731
-0.677887
-0.657968
-0.652022
-0.658615
-0.653062
-0.650068
-0.661317
-0.679061
-0.653492
-0.658264
-0.689674
-0.666963
-0.689025
-0.659118
-0.666154
-0.651408
-0.673158
-0.65111
-0.682536
-0.687385
-0.673077
-0.655097
-0.689377
-0.672616
-0.677311
-0.659002
-0.693364
-0.689327
-0.70952
-0.654036
-0.647592
-0.663301
-0.649149
-0.655745
-0.677272
-0.66213
-0.66692
-0.669797
-0.671861
-0.696952
-0.682288
-0.698329
-0.674351
-0.661186
-0.668574
-0.686232
-0.694841
-0.671843
-0.684184
-0.717738
-0.680724
-0.666228
-0.684236
-0.665462
-0.695628
-0.685099
-0.691941
-0.739499
-0.685371
-0.694066
-0.702287
-0.697732
-0.704019
-0.686627
-0.707706
-0.692102
-0.686166
-0.708583
-0.700345
-0.707252
-0.706908
-0.707363
-0.715458
-0.70613
-0.71898
-0.706597
-0.705011
-0.719864
-0.705344
-0.683124
-0.690821
-0.681289
-0.665169
-0.687844
-0.695807
-0.666305
-0.698987
-0.683043
-0.712578
-0.700931
-0.674459
-0.697192
-0.708487
-0.673617
-0.731237
-0.689071
-0.686718
-0.665385
-0.694919
-0.680489
-0.665297
-0.697706
-0.702555
-0.673718
-0.712651
-0.717476
-0.672567
-0.727227
-0.681612
-0.707553
-0.695972
-0.680291
-0.725686
-0.685754
-0.676623
-0.687238
-0.686561
-0.7005
-0.684382
-0.710657
-0.675002
-0.709078
-0.684612
-0.711776
-0.718157
-0.72561
-0.716952
-0.724379
-0.717268
-0.71882
-0.716092
-0.718068
-0.729705
-0.702205
-0.690723
-0.685337
-0.674879
-0.658365
-0.668467
-0.689418
-0.662544
-0.694825
-0.690655
-0.709299
-0.696547
-0.668274
-0.680178
-0.70388
-0.670238
-0.72923
-0.694729
-0.692318
-0.672536
-0.68931
-0.686081
-0.67546
-0.704037
-0.69692
-0.66529
-0.697118
-0.711898
-0.667061
-0.724048
-0.673396
-0.690345
-0.688236
-0.674787
-0.722023
-0.663623
-0.667107
-0.682656
-0.679885
-0.680013
-0.665156
-0.694466
-0.66835
-0.703671
-0.680626
-0.706682
-0.686281
-0.686273
-0.679938
-0.670882
-0.672743
-0.695052
-0.673357
-0.698739
-0.685652
-0.709484
-0.699986
-0.67921
-0.683273
-0.708159
-0.679727
-0.73156
-0.685693
-0.686585
-0.672927
-0.682002
-0.680879
-0.674265
-0.698407
-0.696524
-0.671798
-0.695667
-0.712059
-0.672043
-0.723547
-0.683521
-0.692453
-0.692469
-0.683543
-0.723996
-0.673347
-0.678832
-0.696134
-0.689372
-0.68359
-0.673327
-0.696179
-0.678614
-0.707039
-0.688806
-0.718807
-0.737898
-0.721426
-0.706363
-0.713686
-0.741719
-0.709563
-0.752047
-0.706779
-0.68792
-0.675364
-0.690197
-0.710509
-0.680164
-0.711398
-0.704393
-0.6842
-0.711482
-0.736377
-0.687718
-0.735636
-0.670623
-0.686018
-0.70751
-0.673867
-0.72638
-0.667307
-0.699619
-0.690133
-0.692322
-0.707837
-0.670799
-0.703734
-0.702403
-0.727787
-0.694764
-0.719899
-0.699499
-0.673467
-0.690401
-0.714164
-0.676112
-0.735882
-0.729333
-0.708928
-0.730928
-0.750003
-0.710463
-0.761123
-0.693282
-0.70666
-0.726622
-0.694505
-0.754995
-0.677354
-0.711977
-0.694229
-0.729587
-0.719367
-0.678613
-0.737437
-0.713014
-0.754819
-0.730389
-0.701966
-0.673263
-0.709054
-0.72411
-0.675752
-0.732566
-0.667889
-0.691238
-0.691704
-0.669999
-0.724475
-0.666279
-0.673852
-0.680108
-0.682659
-0.691836
-0.668595
-0.702304
-0.67581
-0.712487
-0.684009
-0.68876
-0.718878
-0.731732
-0.689727
-0.750549
-0.691024
-0.716297
-0.687347
-0.719771
-0.737985
-0.692104
-0.742542
-0.717181
-0.754819
-0.720216
-0.681417
-0.689334
-0.692397
-0.716926
-0.704487
-0.68208
-0.730435
-0.689795
-0.737672
-0.717189
-0.684322
-0.687136
-0.685958
-0.700244
-0.705794
-0.698384
-0.68484
-0.716891
-0.685925
-0.705688
