-0.584977
-0.616598
-0.595333
-0.607862
-0.610494
-0.601333
-0.606356
-0.610713
-0.622575
-0.61223
-0.64277
-0.631149
-0.637195
-0.63892
-0.641506
-0.615667
-0.622483
-0.621644
-0.616069
-0.621207
-0.608218
-0.621023
-0.608989
-0.608368
-0.639529
-0.65577
-0.606759
-0.653287
-0.653218
-0.64492
-0.625713
-0.633402
-0.638103
-0.627563
-0.624644
-0.635586
-0.619506
-0.629149
-0.670253
-0.619333
-0.627598
-0.657161
-0.633057
-0.63677
-0.661793
-0.629966
-0.686563
-0.649414
-0.679862
-0.635356
-0.641253
-0.632368
-0.634391
-0.670747
-0.679046
-0.655034
-0.65592
-0.663218
-0.655529
-0.649759
-0.656218
-0.645563
-0.657207
-0.704494
-0.649437
-0.658207
-0.680759
-0.654126
-0.658023
-0.678839
-0.656506
-0.66446
-0.67508
-0.67854
-0.667552
-0.662828
-0.661184
-0.66592
-0.670816
-0.63092
-0.632333
-0.640322
-0.633368
-0.630103
-0.633598
-0.623011
-0.636609
-0.682057
-0.627644
-0.636184
-0.682943
-0.632678
-0.637195
-0.657069
-0.633218
-0.647885
-0.649908
-0.665759
-0.643506
-0.640897
-0.638816
-0.642379
-0.642092
-0.643253
-0.652092
-0.645506
-0.638816
-0.64431
-0.632207
-0.64392
-0.689299
-0.639506
-0.64823
-0.679908
-0.640517
-0.644782
-0.665667
-0.643816
-0.652966
-0.661034
-0.670241
-0.655575
-0.650437
-0.649253
-0.653828
-0.664345
-0.679322
-0.638943
-0.639517
-0.647494
-0.63992
-0.653655
-0.674851
-0.654529
-0.64231
-0.650241
-0.649678
-0.657115
-0.673517
-0.686977
-0.647828
-0.690517
-0.650966
-0.645011
-0.664632
-0.658529
-0.644092
-0.693149
-0.637322
-0.636908
-0.658448
-0.635655
-0.65077
-0.673483
-0.63746
-0.637287
-0.651218
-0.647184
-0.660437
-0.719552
-0.681885
-0.669195
-0.728828
-0.66631
-0.647575
-0.668805
-0.652471
-0.64746
-0.644437
-0.644966
-0.655218
-0.63746
-0.656115
-0.682023
-0.642897
-0.644724
-0.659966
-0.652621
-0.662126
-0.706736
-0.673598
-0.661
-0.703092
-0.667862
-0.651655
-0.664701
-0.652805
-0.649632
-0.670402
-0.656862
-0.650299
-0.643115
-0.673989
-0.635506
-0.66531
-0.65423
-0.653759
-0.652161
-0.659
-0.643632
-0.652069
-0.657241
-0.652287
-0.645736
-0.661977
-0.647529
-0.643989
-0.644448
-0.666874
-0.656816
-0.668494
-0.637368
-0.671103
-0.647563
-0.687322
-0.670575
-0.65723
-0.643586
-0.648644
-0.656552
-0.644954
-0.638425
-0.67492
-0.649759
-0.636126
-0.646989
-0.647483
-0.674954
-0.643621
-0.647678
-0.652184
-0.652103
-0.657563
-0.673575
-0.656943
-0.664368
-0.674851
-0.657989
-0.653736
-0.669011
-0.655437
-0.655437
-0.655402
-0.664506
-0.654345
-0.676034
-0.642425
-0.679241
-0.670931
-0.650667
-0.651046
-0.647345
-0.654954
-0.639908
-0.636874
-0.705437
-0.67508
-0.635149
-0.677161
-0.651437
-0.654253
-0.654759
-0.682264
-0.694253
-0.666747
-0.65892
-0.654736
-0.670276
-0.65031
-0.648632
-0.678138
-0.667713
-0.647483
-0.669736
-0.679218
-0.69623
-0.672816
-0.678897
-0.695759
-0.676391
-0.683172
-0.692437
-0.692586
-0.686747
-0.682092
-0.680793
-0.685161
-0.645816
-0.646253
-0.645575
-0.650506
-0.650908
-0.680299
-0.642437
-0.660506
-0.644862
-0.644195
-0.674483
-0.708609
-0.64408
-0.655437
-0.661494
-0.657782
-0.658046
-0.646425
-0.648678
-0.657092
-0.650345
-0.647126
-0.669276
-0.65823
-0.64492
-0.650046
-0.654678
-0.675793
-0.651506
-0.667943
-0.668402
-0.678414
-0.663149
-0.659069
-0.657701
-0.661011
-0.712759
-0.667299
-0.653402
-0.663839
-0.667609
-0.652471
-0.64369
-0.689931
-0.660517
-0.641253
-0.677034
-0.664425
-0.66454
-0.680839
-0.659701
-0.650023
-0.69523
-0.66554
-0.647816
-0.680069
-0.679517
-0.734644
-0.70254
-0.667161
-0.680345
-0.66369
-0.666632
-0.654379
-0.713759
-0.656782
-0.651885
-0.685253
-0.689264
-0.652023
-0.677276
-0.677609
-0.656644
-0.672425
-0.658575
-0.656069
-0.683034
-0.665517
-0.688057
-0.671908
-0.665264
-0.661667
-0.663747
-0.656563
-0.661667
-0.657586
-0.657483
-0.683874
-0.704828
-0.655632
-0.656977
-0.588598
-0.601839
-0.586736
-0.60946
-0.609149
-0.605644
-0.611494
-0.625471
-0.622713
-0.646126
-0.632092
-0.611126
-0.639816
-0.641115
-0.604172
-0.63131
-0.629529
-0.626322
-0.62546
-0.663345
-0.625368
-0.645586
-0.607632
-0.648425
-0.657954
-0.606989
-0.608195
-0.614517
-0.614
-0.606241
-0.609011
-0.614264
-0.626034
-0.618057
-0.647954
-0.635644
-0.639023
-0.644448
-0.646989
-0.612828
-0.628057
-0.625632
-0.619598
-0.626667
-0.613379
-0.626575
-0.618103
-0.614172
-0.645172
-0.661621
-0.612678
-0.613529
-0.596621
-0.589253
-0.589908
-0.598379
-0.612287
-0.601759
-0.630989
-0.621046
-0.619598
-0.628977
-0.631287
-0.632552
-0.612793
-0.611586
-0.603644
-0.609931
-0.604276
-0.607402
-0.612517
-0.596908
-0.629609
-0.645437
-0.595966
-0.606874
-0.598839
-0.60223
-0.610425
-0.620816
-0.611874
-0.640552
-0.627299
-0.62477
-0.640149
-0.643425
-0.624046
-0.619437
-0.618253
-0.609897
-0.620069
-0.607931
-0.617977
-0.615115
-0.608425
-0.63869
-0.655552
-0.606816
-0.668989
-0.673598
-0.65223
-0.664874
-0.664161
-0.687483
-0.680207
-0.639195
-0.694299
-0.680494
-0.618195
-0.67108
-0.674862
-0.663586
-0.702678
-0.65323
-0.692655
-0.638414
-0.650276
-0.694126
-0.704782
-0.649678
-0.681264
-0.644264
-0.658448
-0.667851
-0.682483
-0.673644
-0.628954
-0.679391
-0.672483
-0.610207
-0.66523
-0.673448
-0.703828
-0.696759
-0.666368
-0.726138
-0.646356
-0.644241
-0.696506
-0.698862
-0.644356
-0.64023
-0.655264
-0.654069
-0.67346
-0.667333
-0.631448
-0.672345
-0.668494
-0.612678
-0.660161
-0.664586
-0.68492
-0.678057
-0.648126
-0.692011
-0.639241
-0.636989
-0.681989
-0.687632
-0.635287
-0.688632
-0.672149
-0.694092
-0.673115
-0.638011
-0.68369
-0.696966
-0.62223
-0.673874
-0.670828
-0.649299
-0.669034
-0.657333
-0.663563
-0.639552
-0.651184
-0.693632
-0.700218
-0.649529
-0.67369
-0.705494
-0.687437
-0.650977
-0.690632
-0.702782
-0.632874
-0.702402
-0.69092
-0.662908
-0.68
-0.668782
-0.677563
-0.648655
-0.660356
-0.70646
-0.705414
-0.658333
-0.700828
-0.682287
-0.641575
-0.695322
-0.691632
-0.622506
-0.679
-0.680529
-0.666839
-0.685724
-0.673517
-0.683724
-0.649046
-0.663391
-0.705563
-0.711874
-0.665414
-0.706299
-0.671724
-0.715609
-0.722195
-0.652517
-0.713448
-0.710678
-0.682276
-0.704701
-0.693598
-0.700287
-0.670828
-0.687034
-0.740333
-0.733126
-0.68554
-0.660241
-0.704885
-0.700046
-0.641172
-0.704563
-0.713908
-0.675046
-0.695103
-0.677494
-0.692023
-0.656908
-0.673368
-0.713862
-0.721851
-0.672402
-0.669851
-0.673195
-0.632575
-0.651253
-0.651747
-0.639184
-0.651839
-0.637057
-0.648943
-0.635368
-0.638425
-0.670138
-0.686241
-0.637115
-0.710759
-0.649333
-0.694471
-0.69708
-0.677483
-0.719586
-0.684529
-0.698736
-0.669552
-0.687575
-0.72177
-0.749023
-0.687552
-0.653115
-0.696989
-0.695736
-0.677379
-0.696908
-0.682241
-0.691207
-0.667977
-0.683034
-0.716402
-0.726345
-0.681103
-0.632276
-0.631
-0.625218
-0.630839
-0.62654
-0.628517
-0.626828
-0.618621
-0.650218
-0.666391
-0.616759
-0.722161
-0.67054
-0.684759
-0.680161
-0.684207
-0.654241
-0.662816
-0.713793
-0.711253
-0.660655
-0.675333
-0.691299
-0.676977
-0.692724
-0.655471
-0.664161
-0.719253
-0.714138
-0.662138
-0.681149
-0.660184
-0.719862
-0.673115
-0.646218
-0.692966
-0.695644
-0.646011
-0.671897
-0.724517
-0.656345
-0.670092
-0.718724
-0.733057
-0.670368
-0.674609
-0.656667
-0.652414
-0.699276
-0.704207
-0.652115
-0.663747
-0.662299
-0.713391
-0.715747
-0.662322
-0.637828
-0.675034
-0.686494
-0.638103
-0.687977
-0.706379
-0.67877
-0.745908
-0.686253
-0.706149
-0.664586
-0.649713
-0.62823
-0.637322
-0.641057
-0.63077
-0.627483
-0.640103
-0.623379
-0.632149
-0.67192
-0.623644
-0.631862
-0.655908
-0.637368
-0.639034
-0.665069
-0.634345
-0.690874
-0.653287
-0.687391
-0.639851
-0.64554
-0.637092
-0.639092
-0.66569
-0.638851
-0.646954
-0.64692
-0.641782
-0.639345
-0.652034
-0.634736
-0.644632
-0.673782
-0.637
-0.644207
-0.681977
-0.647897
-0.651609
-0.671506
-0.645931
-0.69869
-0.662299
-0.692471
-0.651322
-0.65692
-0.649828
-0.650977
-0.622483
-0.631621
-0.635195
-0.627115
-0.623322
-0.635161
-0.616805
-0.625414
-0.659046
-0.620816
-0.629908
-0.663172
-0.63031
-0.63308
-0.657621
-0.628391
-0.686023
-0.647126
-0.682701
-0.635069
-0.640069
-0.632264
-0.634149
-0.671379
-0.678425
-0.640046
-0.643011
-0.657885
-0.643736
-0.654598
-0.650115
-0.656207
-0.642471
-0.639989
-0.658368
-0.664586
-0.683218
-0.690494
-0.700977
-0.693851
-0.687195
-0.644966
-0.673345
-0.661356
-0.644966
-0.697103
-0.647506
-0.64769
-0.675621
-0.647494
-0.65992
-0.656724
-0.648494
-0.645977
-0.648253
-0.661736
-0.673678
-0.729
-0.693057
-0.719885
-0.735172
-0.703345
-0.656701
-0.683241
-0.664379
-0.657414
-0.645862
-0.647632
-0.664
-0.642011
-0.656828
-0.660092
-0.644851
-0.645023
-0.651046
-0.659379
-0.668172
-0.713448
-0.677483
-0.707069
-0.705736
-0.697425
-0.651977
-0.672402
-0.656368
-0.650828
-0.674839
-0.668287
-0.656023
-0.645736
-0.650333
-0.639276
-0.666552
-0.645701
-0.663621
-0.661356
-0.670425
-0.650805
-0.705011
-0.664046
-0.688862
-0.64769
-0.672782
-0.653
-0.646816
-0.657713
-0.672966
-0.662011
-0.649253
-0.643391
-0.674598
-0.641379
-0.695805
-0.678759
-0.669207
-0.65223
-0.701264
-0.664184
-0.682724
-0.642816
-0.685218
-0.657391
-0.641483
-0.661448
-0.659253
-0.66031
-0.657276
-0.658667
-0.652345
-0.669874
-0.674575
-0.691621
-0.672851
-0.72269
-0.68846
-0.703161
-0.665759
-0.68731
-0.670563
-0.668425
-0.66046
-0.643747
-0.660874
-0.680632
-0.63592
-0.689747
-0.681368
-0.664621
-0.660747
-0.702448
-0.663828
-0.680805
-0.642046
-0.716287
-0.682253
-0.641241
-0.65408
-0.654402
-0.655885
-0.645425
-0.69146
-0.70177
-0.677368
-0.665241
-0.708667
-0.675448
-0.687966
-0.650195
-0.68708
-0.672103
-0.649966
-0.645874
-0.65531
-0.672621
-0.657437
-0.661747
-0.682954
-0.656023
-0.710782
-0.672805
-0.702862
-0.660655
-0.666644
-0.658126
-0.659943
-0.648184
-0.637057
-0.657345
-0.66092
-0.663828
-0.68708
-0.701287
-0.667655
-0.684724
-0.646632
-0.686414
-0.713644
-0.647437
-0.64592
-0.670966
-0.665851
-0.668897
-0.652425
-0.702977
-0.662356
-0.68754
-0.647862
-0.67877
-0.661885
-0.646529
-0.647402
-0.651322
-0.675034
-0.64608
-0.704103
-0.663161
-0.695586
-0.652276
-0.657598
-0.650207
-0.651103
-0.722184
-0.682126
-0.667425
-0.715034
-0.679931
-0.693644
-0.654057
-0.704828
-0.673345
-0.652448
-0.690598
-0.676862
-0.71792
-0.690425
-0.699701
-0.659126
-0.708586
-0.677011
-0.657701
-0.693724
-0.730207
-0.742046
-0.730517
-0.678402
-0.696989
-0.678126
-0.678701
-0.713736
-0.720494
-0.698207
-0.657816
-0.698655
-0.697103
-0.658782
-0.729368
-0.743885
-0.714644
-0.728333
-0.717563
-0.714621
-0.718575
-0.67108
-0.699575
-0.679977
-0.671701
-0.700172
-0.707057
-0.697529
-0.700862
-0.668391
-0.661391
-0.68523
-0.716897
-0.667402
-0.661805
-0.680667
-0.64277
-0.645632
-0.648609
-0.64531
-0.641264
-0.64708
-0.635805
-0.648621
-0.689287
-0.641149
-0.64969
-0.690011
-0.645908
-0.649483
-0.668575
-0.646655
-0.661299
-0.662931
-0.679632
-0.657333
-0.654471
-0.652552
-0.656184
-0.647966
-0.649931
-0.655782
-0.651701
-0.644736
-0.651724
-0.638701
-0.649724
-0.693494
-0.646575
-0.655161
-0.681828
-0.647448
-0.650908
-0.671195
-0.651322
-0.660172
-0.668908
-0.679333
-0.663149
-0.657897
-0.656874
-0.661563
-0.667644
-0.681149
-0.641299
-0.641736
-0.651759
-0.643494
-0.65631
-0.675207
-0.658494
-0.64646
-0.646667
-0.653874
-0.660138
-0.675759
-0.690874
-0.651195
-0.694506
-0.658333
-0.649207
-0.668943
-0.663
-0.648494
-0.696195
-0.641448
-0.640943
-0.664161
-0.640586
-0.65469
-0.675563
-0.643057
-0.642563
-0.649184
-0.651724
-0.66454
-0.724299
-0.687414
-0.674563
-0.735184
-0.675126
-0.653356
-0.674563
-0.658391
-0.653448
-0.646356
-0.646241
-0.658586
-0.640276
-0.657368
-0.681345
-0.645828
-0.647793
-0.655402
-0.655644
-0.663655
-0.709598
-0.676828
-0.664115
-0.707471
-0.67346
-0.654724
-0.668345
-0.656011
-0.652908
-0.674138
-0.661678
-0.654287
-0.645908
-0.67508
-0.639931
-0.669552
-0.651207
-0.658276
-0.655184
-0.661287
-0.647897
-0.65608
-0.662057
-0.660069
-0.650621
-0.666839
-0.652644
-0.648989
-0.648805
-0.67077
-0.659931
-0.669724
-0.641563
-0.675207
-0.644586
-0.692391
-0.673598
-0.658874
-0.647851
-0.653069
-0.661092
-0.652092
-0.642943
-0.67969
-0.65446
-0.640805
-0.652701
-0.652368
-0.676989
-0.649908
-0.653782
-0.650241
-0.658391
-0.662264
-0.677908
-0.663299
-0.670333
-0.681483
-0.667678
-0.660299
-0.675598
-0.662184
-0.662207
-0.659276
-0.66608
-0.659759
-0.682092
-0.639839
-0.684379
-0.675126
-0.653483
-0.656437
-0.652529
-0.660253
-0.648632
-0.642655
-0.711471
-0.681
-0.641138
-0.678138
-0.655793
-0.659069
-0.651437
-0.686897
-0.698218
-0.669379
-0.663483
-0.658862
-0.675023
-0.658115
-0.653402
-0.682839
-0.672575
-0.652368
-0.672069
-0.681046
-0.693138
-0.674644
-0.679736
-0.695632
-0.678793
-0.684816
-0.694379
-0.698644
-0.688851
-0.684908
-0.683172
-0.687471
-0.651805
-0.643966
-0.651287
-0.654862
-0.654897
-0.686034
-0.648103
-0.666563
-0.654345
-0.650506
-0.680816
-0.715149
-0.650598
-0.654437
-0.667437
-0.662046
-0.662126
-0.652667
-0.654391
-0.663103
-0.659736
-0.653483
-0.675563
-0.664724
-0.651483
-0.647897
-0.65131
-0.673437
-0.649517
-0.665977
-0.667333
-0.679851
-0.661092
-0.657264
-0.655782
-0.659161
-0.717437
-0.670644
-0.658816
-0.669644
-0.673437
-0.66131
-0.649908
-0.695989
-0.666598
-0.64754
-0.678885
-0.668897
-0.668667
-0.685402
-0.667276
-0.654793
-0.700023
-0.670218
-0.652655
-0.683851
-0.682678
-0.739207
-0.709241
-0.671149
-0.684356
-0.667862
-0.67069
-0.660161
-0.720345
-0.666241
-0.658264
-0.691517
-0.695552
-0.658517
-0.683241
-0.686724
-0.662632
-0.678483
-0.664471
-0.662264
-0.691943
-0.671943
-0.694598
-0.678425
-0.671851
-0.671471
-0.673161
-0.66646
-0.671678
-0.664195
-0.664253
-0.690575
-0.711575
-0.662402
-0.663908
-0.644724
-0.646943
-0.651276
-0.648989
-0.644345
-0.650621
-0.637253
-0.650138
-0.686276
-0.646023
-0.654287
-0.69477
-0.646736
-0.651322
-0.668
-0.649368
-0.664103
-0.664563
-0.681218
-0.660759
-0.657391
-0.655977
-0.659586
-0.649138
-0.660437
-0.624034
-0.626563
-0.633805
-0.625517
-0.640287
-0.653989
-0.641506
-0.629287
-0.664
-0.637368
-0.644529
-0.658195
-0.672621
-0.640115
-0.674138
-0.650586
-0.62992
-0.651724
-0.645161
-0.629713
-0.676379
-0.624115
-0.625195
-0.646322
-0.622402
-0.639011
-0.65423
-0.62623
-0.625414
-0.666034
-0.635931
-0.648494
-0.706575
-0.668908
-0.66254
-0.715391
-0.666575
-0.634046
-0.657046
-0.640943
-0.634644
-0.626448
-0.628287
-0.63831
-0.620391
-0.639575
-0.659598
-0.626517
-0.628759
-0.669402
-0.637
-0.64554
-0.691
-0.656207
-0.649793
-0.686345
-0.663115
-0.633437
-0.649126
-0.636402
-0.632034
-0.659494
-0.644851
-0.637759
-0.631747
-0.655264
-0.624391
-0.653782
-0.669805
-0.643034
-0.641161
-0.645034
-0.631046
-0.64608
-0.642724
-0.652943
-0.632828
-0.650931
-0.636437
-0.631701
-0.634207
-0.65546
-0.647126
-0.652368
-0.628667
-0.661023
-0.663713
-0.676943
-0.660379
-0.644391
-0.632816
-0.644425
-0.643621
-0.647241
-0.627563
-0.665506
-0.640483
-0.625931
-0.635391
-0.637425
-0.656621
-0.634046
-0.637598
-0.669713
-0.642644
-0.647322
-0.660644
-0.645805
-0.660057
-0.661322
-0.66046
-0.642046
-0.659046
-0.645517
-0.64446
-0.643943
-0.646011
-0.643552
-0.665241
-0.65892
-0.66792
-0.660069
-0.636701
-0.638874
-0.642184
-0.640299
-0.641575
-0.624517
-0.694529
-0.663989
-0.62346
-0.659149
-0.641862
-0.64454
-0.671138
-0.672575
-0.684149
-0.654414
-0.648103
-0.650655
-0.657299
-0.653103
-0.637402
-0.66831
-0.658299
-0.636874
-0.652529
-0.662149
-0.699828
-0.655402
-0.661391
-0.676115
-0.658126
-0.670724
-0.67146
-0.686736
-0.667333
-0.665092
-0.66292
-0.666368
-0.636586
-0.664218
-0.636966
-0.641575
-0.639149
-0.669506
-0.639483
-0.647828
-0.648644
-0.633494
-0.665736
-0.699126
-0.633954
-0.672437
-0.652195
-0.648207
-0.645782
-0.63577
-0.644943
-0.643678
-0.653575
-0.636241
-0.660069
-0.648977
-0.634609
-0.666655
-0.672161
-0.688195
-0.668598
-0.687862
-0.682368
-0.697713
-0.679782
-0.677011
-0.675966
-0.678402
-0.702609
-0.655379
-0.643
-0.659667
-0.655184
-0.654667
-0.633195
-0.680333
-0.651425
-0.631425
-0.664057
-0.653655
-0.659862
-0.667678
-0.661713
-0.639069
-0.685448
-0.656264
-0.637437
-0.666655
-0.671414
-0.721414
-0.69892
-0.653057
-0.667736
-0.65154
-0.653195
-0.649494
-0.699747
-0.659092
-0.639529
-0.674805
-0.678494
-0.640287
-0.669862
-0.682149
-0.651621
-0.668529
-0.654954
-0.651713
-0.682816
-0.650632
-0.675402
-0.658747
-0.651046
-0.663701
-0.666448
-0.66023
-0.664368
-0.646862
-0.646529
-0.671586
-0.695276
-0.645621
-0.64669
-0.657276
-0.671862
-0.633667
-0.633368
-0.642057
-0.632575
-0.645736
-0.658126
-0.651276
-0.640023
-0.654
-0.642103
-0.649287
-0.663046
-0.681218
-0.642368
-0.682897
-0.65192
-0.639713
-0.658759
-0.653414
-0.638839
-0.68746
-0.633034
-0.631609
-0.654046
-0.628885
-0.643149
-0.657241
-0.635241
-0.635115
-0.656287
-0.639678
-0.653184
-0.712782
-0.676931
-0.664954
-0.724448
-0.668437
-0.64331
-0.663828
-0.648391
-0.643103
-0.638885
-0.638632
-0.649046
-0.629471
-0.647
-0.665023
-0.638724
-0.641931
-0.662483
-0.644402
-0.653425
-0.698793
-0.666966
-0.655402
-0.697356
-0.66854
-0.645759
-0.65869
-0.647
-0.643828
-0.667034
-0.654621
-0.645736
-0.637333
-0.659816
-0.635218
-0.665529
-0.661322
-0.64892
-0.646747
-0.651402
-0.640563
-0.649713
-0.652448
-0.656115
-0.643862
-0.659253
-0.645747
-0.642069
-0.640782
-0.661759
-0.651034
-0.654276
-0.635793
-0.669897
-0.653414
-0.682575
-0.664931
-0.648253
-0.639506
-0.645736
-0.650609
-0.647402
-0.635218
-0.67169
-0.646828
-0.632874
-0.64208
-0.641632
-0.659563
-0.643172
-0.64792
-0.659161
-0.646782
-0.651621
-0.665632
-0.653805
-0.662218
-0.669989
-0.662023
-0.651517
-0.665851
-0.65331
-0.653218
-0.647598
-0.647897
-0.651437
-0.674552
-0.64731
-0.672241
-0.663448
-0.640172
-0.645632
-0.64292
-0.64777
-0.641575
-0.632425
-0.700736
-0.670724
-0.630701
-0.659839
-0.647448
-0.65146
-0.658931
-0.674874
-0.686977
-0.655632
-0.652609
-0.64923
-0.662241
-0.650851
-0.642966
-0.671667
-0.662184
-0.641816
-0.656575
-0.666701
-0.692287
-0.655609
-0.661529
-0.677034
-0.66054
-0.667759
-0.675414
-0.685609
-0.671678
-0.667
-0.665724
-0.670092
-0.648057
-0.654586
-0.642253
-0.646793
-0.64469
-0.678609
-0.642195
-0.657046
-0.650897
-0.644069
-0.673598
-0.708253
-0.643954
-0.664966
-0.659184
-0.655172
-0.653023
-0.645977
-0.64908
-0.654644
-0.656747
-0.647874
-0.66908
-0.658885
-0.645667
-0.654747
-0.658851
-0.678609
-0.657609
-0.674621
-0.672874
-0.68746
-0.670356
-0.665609
-0.664954
-0.668218
-0.706471
-0.656989
-0.647207
-0.658954
-0.659966
-0.653356
-0.638598
-0.68454
-0.655379
-0.636115
-0.666011
-0.657885
-0.658851
-0.673034
-0.65992
-0.64454
-0.689448
-0.659966
-0.642241
-0.671115
-0.67146
-0.727138
-0.702138
-0.658989
-0.671782
-0.655609
-0.65846
-0.651172
-0.708437
-0.660172
-0.648839
-0.681448
-0.686218
-0.648931
-0.672529
-0.681437
-0.654632
-0.669793
-0.656655
-0.654057
-0.684747
-0.660563
-0.682667
-0.666954
-0.66031
-0.666023
-0.667115
-0.660828
-0.665977
-0.654885
-0.655678
-0.681931
-0.701943
-0.652931
-0.655126
-0.741379
-0.693943
-0.692977
-0.718126
-0.699103
-0.711345
-0.689345
-0.713644
-0.695701
-0.669034
-0.706057
-0.718414
-0.752977
-0.751333
-0.721724
-0.774552
-0.706517
-0.704218
-0.731149
-0.721414
-0.704977
-0.701793
-0.70108
-0.717241
-0.702609
-0.715218
-0.702897
-0.71692
-0.703276
-0.68169
-0.710345
-0.71969
-0.744483
-0.744793
-0.716425
-0.754563
-0.710828
-0.709816
-0.728977
-0.722667
-0.708667
-0.703506
-0.697069
-0.691149
-0.686149
-0.664678
-0.690655
-0.696759
-0.646138
-0.694908
-0.69646
-0.69392
-0.721655
-0.684575
-0.719586
-0.669667
-0.675506
-0.710598
-0.695943
-0.674678
-0.688195
-0.705471
-0.697322
-0.666264
-0.691598
-0.703793
-0.645724
-0.722862
-0.710966
-0.692839
-0.718115
-0.684736
-0.71692
-0.667023
-0.673069
-0.719494
-0.697713
-0.671736
-0.697333
-0.699644
-0.67523
-0.707529
-0.691011
-0.652943
-0.701506
-0.709149
-0.714126
-0.738345
-0.705954
-0.740115
-0.684954
-0.694517
-0.725379
-0.712425
-0.697138
-0.703195
-0.667632
-0.710897
-0.715184
-0.645851
-0.720276
-0.716402
-0.69531
-0.729138
-0.690126
-0.722471
-0.669586
-0.679402
-0.749667
-0.723563
-0.678598
-0.681736
-0.710862
-0.69623
-0.659586
-0.723368
-0.736575
-0.708563
-0.735379
-0.698414
-0.734184
-0.680655
-0.691644
-0.729103
-0.72054
-0.691506
-0.684218
-0.672759
-0.666138
-0.677023
-0.685471
-0.695253
-0.71577
-0.674644
-0.716046
-0.675736
-0.673368
-0.69331
-0.687299
-0.672609
-0.69931
-0.660989
-0.70431
-0.712483
-0.709345
-0.757379
-0.699149
-0.73823
-0.686402
-0.699138
-0.736368
-0.758057
-0.699851
-0.650011
-0.702552
-0.702448
-0.695494
-0.723943
-0.683299
-0.720724
-0.670345
-0.679057
-0.717759
-0.704989
-0.67777
-0.655195
-0.662471
-0.678759
-0.691782
-0.661184
-0.694195
-0.664161
-0.650437
-0.671046
-0.664966
-0.649264
-0.750253
-0.707736
-0.728943
-0.705908
-0.72908
-0.682402
-0.686287
-0.735287
-0.712931
-0.684816
-0.716713
-0.739115
-0.709345
-0.740448
-0.691724
-0.696184
-0.742218
-0.721103
-0.694943
-0.741931
-0.713333
-0.771724
-0.726839
-0.70146
-0.725724
-0.714793
-0.701805
-0.731759
-0.776057
-0.720414
-0.732644
-0.759115
-0.763839
-0.733195
-0.737
-0.69669
-0.687747
-0.722011
-0.70754
-0.68823
-0.729471
-0.729402
-0.752402
-0.744874
-0.729747
-0.676402
-0.700736
-0.691184
-0.677322
-0.708897
-0.704632
-0.71192
-0.756529
-0.707954
-0.705046
-0.715299
-0.712356
-0.73569
-0.712552
-0.72746
-0.716655
-0.719575
-0.714759
-0.696782
-0.721598
-0.73423
-0.768724
-0.75023
-0.742621
-0.778805
-0.730172
-0.728287
-0.743034
-0.733069
-0.727667
-0.702276
-0.70577
-0.687391
-0.682897
-0.662023
-0.674046
-0.692655
-0.646195
-0.692046
-0.699644
-0.739632
-0.716241
-0.703782
-0.756793
-0.684322
-0.677011
-0.714632
-0.689425
-0.67708
-0.695632
-0.703069
-0.695839
-0.662713
-0.677954
-0.70077
-0.644793
-0.721862
-0.713437
-0.733471
-0.714011
-0.700977
-0.751115
-0.67977
-0.67377
-0.723506
-0.693517
-0.673195
-0.703621
-0.707218
-0.684782
-0.704552
-0.697598
-0.665207
-0.707448
-0.720034
-0.761747
-0.742839
-0.731345
-0.778494
-0.708874
-0.708874
-0.735552
-0.718437
-0.711977
-0.699828
-0.662011
-0.69877
-0.711149
-0.642805
-0.718908
-0.719563
-0.736494
-0.725908
-0.705724
-0.757034
-0.681138
-0.67808
-0.75446
-0.720563
-0.67808
-0.677034
-0.698276
-0.69146
-0.657598
-0.722092
-0.738908
-0.74892
-0.732241
-0.714379
-0.767966
-0.692943
-0.691609
-0.732287
-0.716345
-0.692276
-0.666069
-0.666609
-0.666172
-0.672667
-0.687391
-0.741954
-0.709414
-0.694839
-0.755483
-0.689954
-0.674529
-0.695805
-0.679839
-0.674667
-0.68169
-0.64546
-0.692069
-0.70569
-0.743011
-0.753207
-0.704793
-0.766885
-0.686759
-0.685241
-0.733092
-0.751954
-0.686667
-0.646115
-0.698034
-0.703885
-0.739552
-0.718299
-0.699931
-0.757333
-0.681368
-0.676747
-0.720966
-0.69769
-0.676218
-0.653276
-0.666414
-0.725874
-0.68846
-0.682529
-0.734046
-0.679713
-0.654448
-0.675931
-0.660218
-0.654034
-0.752011
-0.743793
-0.726563
-0.719046
-0.760678
-0.693425
-0.686414
-0.739138
-0.708575
-0.685655
-0.755598
-0.739333
-0.727609
-0.772943
-0.706816
-0.702678
-0.747885
-0.721966
-0.702103
-0.77208
-0.76677
-0.80054
-0.769149
-0.75623
-0.767161
-0.758644
-0.75692
-0.744276
-0.79692
-0.729161
-0.730724
-0.76308
-0.764333
-0.73208
-0.782759
-0.725828
-0.713391
-0.740897
-0.722816
-0.714448
-0.770678
-0.775161
-0.787218
-0.780862
-0.776034
-0.696345
-0.718011
-0.701908
-0.697931
-0.716701
-0.701977
-0.718368
-0.76192
-0.716241
-0.703011
-0.699023
-0.694632
-0.680184
-0.679414
-0.667023
-0.670655
-0.690161
-0.650897
-0.688195
-0.692092
-0.722954
-0.700092
-0.687862
-0.725172
-0.679483
-0.672586
-0.702391
-0.681161
-0.670655
-0.68631
-0.69754
-0.692563
-0.668563
-0.675368
-0.698759
-0.649839
-0.717713
-0.706782
-0.718057
-0.699264
-0.688069
-0.722276
-0.676425
-0.670287
-0.713034
-0.686425
-0.667989
-0.688322
-0.694954
-0.678793
-0.69008
-0.686644
-0.659195
-0.696103
-0.706
-0.739046
-0.719379
-0.709034
-0.744391
-0.694793
-0.692954
-0.717931
-0.700379
-0.694655
-0.692368
-0.661747
-0.689885
-0.704816
-0.642425
-0.711862
-0.709322
-0.716621
-0.707207
-0.686609
-0.723322
-0.67177
-0.668253
-0.741506
-0.70846
-0.666345
-0.679391
-0.692655
-0.688299
-0.660345
-0.717345
-0.730966
-0.731391
-0.717034
-0.698667
-0.736736
-0.686517
-0.68546
-0.720207
-0.707368
-0.684034
-0.668701
-0.671655
-0.67331
-0.675943
-0.686782
-0.728402
-0.698644
-0.684575
-0.726437
-0.690034
-0.676126
-0.689586
-0.677736
-0.674356
-0.678621
-0.647793
-0.687138
-0.696414
-0.723
-0.735241
-0.686644
-0.731747
-0.679598
-0.67808
-0.719264
-0.741414
-0.677736
-0.651092
-0.695011
-0.696839
-0.721494
-0.701828
-0.684379
-0.724287
-0.677034
-0.67269
-0.708724
-0.689839
-0.670299
-0.656299
-0.665736
-0.711609
-0.677391
-0.672149
-0.706218
-0.677517
-0.655977
-0.670103
-0.657908
-0.653655
-0.745034
-0.728195
-0.710391
-0.704989
-0.731379
-0.68792
-0.680724
-0.727747
-0.700655
-0.678149
-0.738506
-0.722264
-0.711046
-0.744264
-0.698437
-0.692414
-0.735552
-0.709609
-0.689977
-0.746483
-0.742184
-0.779149
-0.752793
-0.734356
-0.74469
-0.734448
-0.73323
-0.717322
-0.769023
-0.710023
-0.710069
-0.74192
-0.744161
-0.709977
-0.745115
-0.70908
-0.693103
-0.71854
-0.700943
-0.692345
-0.739885
-0.73669
-0.753299
-0.743195
-0.736161
-0.687874
-0.703655
-0.689966
-0.68769
-0.700368
-0.689667
-0.707805
-0.745931
-0.698276
-0.688931
-0.721977
-0.72877
-0.716851
-0.696391
-0.707701
-0.733644
-0.679966
-0.740644
-0.72992
-0.710966
-0.713667
-0.717115
-0.720425
-0.699655
-0.707356
-0.740931
-0.720828
-0.705195
-0.712264
-0.698851
-0.683333
-0.699862
-0.717368
-0.666586
-0.711517
-0.713023
-0.710046
-0.712333
-0.717414
-0.721782
-0.695103
-0.704667
-0.729805
-0.71246
-0.706506
-0.702586
-0.676609
-0.708931
-0.73092
-0.660138
-0.726425
-0.719724
-0.692195
-0.707034
-0.703563
-0.705379
-0.680793
-0.690931
-0.754414
-0.728793
-0.689207
-0.669333
-0.689172
-0.706172
-0.652678
-0.722345
-0.729506
-0.688851
-0.697138
-0.692126
-0.70192
-0.670943
-0.681103
-0.720609
-0.705402
-0.679954
-0.663701
-0.69431
-0.66946
-0.679701
-0.679253
-0.679241
-0.671391
-0.677437
-0.682149
-0.675333
-0.672782
-0.689299
-0.67508
-0.671195
-0.705184
-0.645966
-0.696092
-0.696379
-0.677563
-0.72054
-0.685483
-0.697069
-0.668897
-0.680391
-0.725184
-0.747172
-0.680322
-0.676736
-0.717322
-0.713195
-0.702655
-0.707195
-0.708621
-0.711931
-0.69454
-0.703391
-0.729885
-0.717874
-0.70146
-0.663046
-0.661011
-0.667598
-0.652667
-0.668966
-0.664414
-0.668563
-0.655805
-0.672391
-0.658425
-0.653805
-0.751828
-0.701954
-0.703805
-0.711897
-0.711759
-0.687494
-0.691333
-0.737414
-0.711356
-0.688805
-0.705529
-0.709816
-0.70846
-0.718644
-0.688287
-0.691506
-0.740138
-0.711046
-0.689253
-0.70523
-0.704586
-0.754471
-0.716
-0.686575
-0.716287
-0.690851
-0.686092
-0.69731
-0.747034
-0.681713
-0.688977
-0.735241
-0.730057
-0.689069
-0.712529
-0.701759
-0.693092
-0.723701
-0.70208
-0.692563
-0.701897
-0.695483
-0.733034
-0.709023
-0.695276
-0.67846
-0.69969
-0.681609
-0.67846
-0.707023
-0.694552
-0.712644
-0.753506
-0.705207
-0.694046
-0.71654
-0.701678
-0.671977
-0.691264
-0.713943
-0.653138
-0.731678
-0.718632
-0.699793
-0.702149
-0.706011
-0.712241
-0.680391
-0.688874
-0.731184
-0.704092
-0.690069
-0.719046
-0.69369
-0.720402
-0.736759
-0.675494
-0.742977
-0.732161
-0.706885
-0.719356
-0.71646
-0.720368
-0.694241
-0.70523
-0.757655
-0.736908
-0.703046
-0.684828
-0.701448
-0.719345
-0.665483
-0.744437
-0.739207
-0.700437
-0.70723
-0.703713
-0.713437
-0.682621
-0.693126
-0.73431
-0.716667
-0.691471
-0.666759
-0.700793
-0.663529
-0.714046
-0.69808
-0.678529
-0.672816
-0.675759
-0.682379
-0.669195
-0.666621
-0.703529
-0.678414
-0.664667
-0.711667
-0.646793
-0.726299
-0.712264
-0.681218
-0.719115
-0.687943
-0.699138
-0.667816
-0.679195
-0.733667
-0.744943
-0.678621
-0.680943
-0.740195
-0.728276
-0.70969
-0.714207
-0.714138
-0.718943
-0.697023
-0.706816
-0.739632
-0.722839
-0.704103
-0.695437
-0.677977
-0.664333
-0.651816
-0.664782
-0.662644
-0.660011
-0.647368
-0.684161
-0.659529
-0.64477
-0.764287
-0.730966
-0.732011
-0.738011
-0.739966
-0.718897
-0.72469
-0.755253
-0.738943
-0.721839
-0.719161
-0.722276
-0.721034
-0.731563
-0.703437
-0.708011
-0.748943
-0.72592
-0.705253
-0.703023
-0.701713
-0.749
-0.710138
-0.681793
-0.72477
-0.694736
-0.680805
-0.697356
-0.742552
-0.678218
-0.685782
-0.741678
-0.72923
-0.68546
-0.710644
-0.695299
-0.687207
-0.731126
-0.704172
-0.686264
-0.697115
-0.691828
-0.740759
-0.711966
-0.691115
-0.667977
-0.709368
-0.680437
-0.667471
-0.717598
-0.693402
-0.701448
-0.758218
-0.715138
-0.692483
-0.708356
-0.674655
-0.714862
-0.728299
-0.654943
-0.73123
-0.726253
-0.703207
-0.717195
-0.712897
-0.718598
-0.684678
-0.697621
-0.764138
-0.735299
-0.699345
-0.675609
-0.703425
-0.699552
-0.655621
-0.728943
-0.741276
-0.707586
-0.715253
-0.70969
-0.723046
-0.682966
-0.696069
-0.735207
-0.719172
-0.698414
-0.673632
-0.678816
-0.667529
-0.679448
-0.686241
-0.695586
-0.686517
-0.691552
-0.701529
-0.683126
-0.682322
-0.698103
-0.684529
-0.684322
-0.698586
-0.652655
-0.703632
-0.70969
-0.701701
-0.740931
-0.707391
-0.722494
-0.684943
-0.699425
-0.740494
-0.762345
-0.702713
-0.657448
-0.711391
-0.71
-0.701276
-0.706253
-0.706575
-0.713356
-0.684057
-0.695207
-0.729793
-0.712218
-0.696586
-0.659506
-0.664161
-0.680517
-0.664184
-0.680345
-0.680092
-0.673529
-0.661782
-0.677264
-0.664402
-0.663276
-0.75992
-0.712828
-0.714563
-0.722195
-0.723828
-0.692943
-0.699264
-0.746862
-0.718276
-0.700276
-0.72254
-0.725379
-0.725402
-0.736345
-0.700011
-0.706908
-0.752782
-0.724471
-0.708057
-0.729138
-0.728034
-0.77454
-0.734276
-0.711425
-0.734333
-0.714644
-0.714253
-0.722713
-0.767862
-0.701713
-0.713207
-0.751747
-0.750011
-0.716471
-0.738184
-0.719966
-0.716034
-0.740575
-0.723276
-0.718724
-0.723207
-0.723828
-0.750805
-0.734103
-0.727023
-0.694437
-0.713138
-0.697172
-0.697747
-0.724425
-0.713011
-0.734184
-0.768333
-0.725782
-0.716046
-0.683368
-0.716908
-0.72731
-0.663057
-0.74123
-0.74508
-0.70077
-0.717724
-0.706276
-0.717448
-0.681989
-0.69654
-0.75931
-0.736287
-0.695552
-0.684287
-0.706966
-0.658345
-0.706471
-0.69977
-0.672149
-0.680506
-0.674506
-0.681379
-0.664425
-0.665575
-0.734184
-0.704103
-0.664103
-0.733517
-0.663402
-0.733023
-0.729034
-0.697966
-0.737057
-0.708299
-0.718598
-0.686126
-0.702425
-0.765379
-0.764931
-0.702379
-0.68546
-0.742874
-0.739299
-0.71623
-0.730448
-0.724471
-0.729345
-0.704575
-0.717816
-0.770149
-0.749908
-0.715816
-0.686023
-0.678103
-0.657402
-0.65877
-0.663299
-0.660632
-0.655471
-0.645264
-0.714448
-0.684207
-0.643195
-0.762621
-0.725046
-0.733632
-0.735655
-0.736161
-0.711736
-0.720241
-0.769126
-0.749092
-0.717966
-0.722322
-0.732609
-0.727023
-0.736609
-0.70577
-0.713747
-0.771575
-0.746713
-0.711517
-0.71269
-0.701379
-0.75177
-0.707161
-0.680287
-0.755379
-0.719276
-0.679874
-0.709529
-0.752954
-0.687747
-0.699494
-0.77054
-0.752345
-0.699609
-0.714954
-0.696345
-0.691241
-0.762586
-0.731494
-0.690782
-0.697816
-0.695839
-0.771368
-0.737563
-0.695655
-0.668172
-0.74154
-0.707184
-0.668149
-0.754414
-0.724977
-0.706678
-0.78692
-0.752713
-0.724494
-0.681471
-0.685276
-0.670448
-0.709632
-0.72323
-0.68823
-0.688425
-0.682172
-0.696747
-0.675517
-0.677471
-0.706977
-0.696828
-0.676575
-0.703667
-0.660218
-0.726046
-0.738954
-0.698161
-0.737276
-0.70077
-0.718816
-0.68069
-0.697333
-0.741736
-0.76223
-0.697908
-0.664092
-0.730494
-0.736598
-0.697736
-0.706966
-0.698529
-0.710138
-0.679437
-0.692701
-0.731126
-0.718862
-0.691138
-0.689552
-0.701517
-0.673667
-0.666552
-0.670138
-0.675632
-0.66569
-0.656701
-0.686368
-0.676425
-0.655207
-0.773782
-0.729241
-0.732655
-0.735713
-0.740885
-0.712828
-0.722
-0.756425
-0.74046
-0.720299
-0.74346
-0.748805
-0.744299
-0.75777
-0.726977
-0.736954
-0.769011
-0.754241
-0.735575
-0.720678
-0.711644
-0.763851
-0.720161
-0.695517
-0.731598
-0.715011
-0.695494
-0.711494
-0.759724
-0.69277
-0.705414
-0.750598
-0.750264
-0.706241
-0.723816
-0.701529
-0.696678
-0.735908
-0.720287
-0.696747
-0.710425
-0.709759
-0.749586
-0.734195
-0.710057
-0.677034
-0.711897
-0.697471
-0.677724
-0.723966
-0.715563
-0.71692
-0.76769
-0.722701
-0.715655
-0.678862
-0.663414
-0.675103
-0.681598
-0.674874
-0.711506
-0.671851
-0.688954
-0.672092
-0.674966
-0.705897
-0.739793
-0.675149
-0.674
-0.691552
-0.689862
-0.68346
-0.679034
-0.679126
-0.686483
-0.678517
-0.679253
-0.701448
-0.690724
-0.677207
-0.665782
-0.671195
-0.688816
-0.668552
-0.683839
-0.683425
-0.694241
-0.679345
-0.675862
-0.674402
-0.67746
-0.741184
-0.688736
-0.681989
-0.690172
-0.693575
-0.676759
-0.671885
-0.718264
-0.689034
-0.669655
-0.699253
-0.694529
-0.692207
-0.70777
-0.68546
-0.679782
-0.725218
-0.695437
-0.677736
-0.702862
-0.700379
-0.757437
-0.723977
-0.689425
-0.702701
-0.686598
-0.689195
-0.683034
-0.741954
-0.683207
-0.682172
-0.715632
-0.71969
-0.682517
-0.702897
-0.702839
-0.684632
-0.701103
-0.686977
-0.684356
-0.706793
-0.692632
-0.715172
-0.699483
-0.692586
-0.687425
-0.689644
-0.682644
-0.687632
-0.687529
-0.687379
-0.713425
-0.734954
-0.685782
-0.687126
-0.656828
-0.707782
-0.70646
-0.685299
-0.727793
-0.690414
-0.703908
-0.67592
-0.690839
-0.734414
-0.755759
-0.690172
-0.653851
-0.658253
-0.658862
-0.688138
-0.659563
-0.666529
-0.66123
-0.653161
-0.683977
-0.717989
-0.652701
-0.752724
-0.696736
-0.730287
-0.706793
-0.713345
-0.681333
-0.689954
-0.747
-0.754161
-0.689103
-0.706747
-0.740391
-0.708552
-0.726023
-0.689023
-0.697391
-0.754782
-0.761207
-0.696678
-0.740862
-0.697782
-0.761253
-0.712138
-0.685655
-0.730747
-0.750897
-0.686851
-0.732092
-0.779218
-0.719115
-0.733644
-0.766184
-0.785621
-0.735276
-0.716069
-0.695851
-0.691414
-0.737264
-0.759069
-0.692517
-0.70677
-0.706287
-0.751264
-0.769575
-0.707805
-0.678391
-0.714448
-0.743195
-0.680023
-0.727483
-0.763632
-0.72092
-0.791391
-0.727299
-0.764253
-0.670874
-0.666816
-0.66692
-0.656011
-0.666264
-0.664632
-0.667908
-0.657425
-0.679828
-0.66908
-0.654966
-0.755011
-0.707989
-0.710644
-0.716184
-0.717126
-0.692862
-0.699023
-0.742414
-0.720034
-0.696218
-0.71023
-0.71454
-0.710126
-0.722908
-0.691448
-0.69708
-0.745092
-0.719632
-0.694368
-0.707057
-0.700322
-0.754552
-0.713874
-0.685621
-0.722115
-0.699207
-0.684724
-0.696149
-0.748287
-0.681632
-0.69177
-0.742379
-0.737793
-0.69154
-0.708563
-0.696644
-0.689471
-0.726402
-0.706989
-0.688483
-0.699011
-0.69492
-0.738655
-0.716621
-0.694253
-0.676563
-0.704805
-0.688977
-0.676149
-0.714414
-0.705069
-0.713529
-0.760092
-0.712
-0.704103
-0.719793
-0.673391
-0.659931
-0.677586
-0.672414
-0.667299
-0.651207
-0.697517
-0.668586
-0.648425
-0.682874
-0.670839
-0.677989
-0.685253
-0.673356
-0.657195
-0.702609
-0.673264
-0.654598
-0.686276
-0.691563
-0.73977
-0.71323
-0.674034
-0.687333
-0.671437
-0.673207
-0.669759
-0.719
-0.67177
-0.659149
-0.693092
-0.697448
-0.658989
-0.689736
-0.697471
-0.673103
-0.68854
-0.675356
-0.672276
-0.695011
-0.670598
-0.693575
-0.677862
-0.670092
-0.677414
-0.679241
-0.673
-0.677161
-0.666322
-0.666517
-0.691598
-0.714115
-0.664023
-0.665621
-0.75992
-0.761264
-0.765448
-0.769448
-0.748494
-0.755644
-0.780483
-0.765667
-0.752977
-0.717483
-0.720126
-0.759552
-0.722529
-0.695011
-0.74346
-0.712437
-0.694023
-0.717862
-0.753862
-0.692563
-0.698057
-0.755701
-0.740885
-0.697552
-0.729908
-0.713736
-0.705046
-0.752966
-0.724977
-0.70392
-0.712011
-0.705667
-0.755977
-0.727483
-0.70477
-0.67892
-0.72808
-0.696828
-0.67823
-0.734931
-0.706759
-0.709126
-0.770471
-0.732333
-0.705471
-0.729494
-0.725586
-0.77092
-0.732356
-0.707023
-0.750023
-0.722218
-0.70608
-0.724195
-0.765552
-0.705333
-0.711816
-0.764655
-0.751586
-0.711172
-0.737989
-0.715862
-0.707701
-0.755368
-0.727333
-0.706713
-0.72492
-0.721448
-0.765391
-0.740529
-0.720736
-0.687874
-0.734851
-0.704195
-0.68723
-0.742644
-0.714011
-0.718057
-0.778851
-0.740276
-0.713046
-0.72646
-0.795793
-0.738172
-0.715782
-0.750667
-0.751138
-0.71723
-0.774966
-0.743851
-0.710862
-0.735195
-0.714632
-0.711414
-0.783184
-0.770241
-0.781609
-0.774149
-0.771115
-0.727816
-0.739736
-0.725241
-0.729034
-0.715391
-0.700115
-0.724644
-0.760563
-0.714655
-0.70092
-0.764931
-0.710368
-0.70377
-0.749069
-0.744529
-0.70508
-0.757218
-0.761563
-0.786862
-0.790046
-0.762828
-0.690954
-0.727609
-0.72877
-0.692747
-0.738805
-0.744563
-0.728862
-0.786529
-0.73869
-0.745759
-0.734138
-0.719517
-0.751046
-0.731494
-0.720575
-0.709069
-0.726391
-0.711667
-0.710287
-0.721379
-0.709322
-0.72854
-0.767724
-0.720736
-0.71008
-0.711989
-0.734644
-0.718862
-0.713621
-0.73423
-0.719552
-0.73454
-0.778368
-0.733724
-0.720632
-0.697253
-0.691954
-0.718736
-0.744655
-0.697046
-0.693287
-0.759644
-0.732034
-0.73554
-0.758885
